4 0.551781 0.687802 0.0410599 0.185786 0.986938
4 0.33287 0.616418 0.0369258 0.169095 0.872169
14 0.593025 0.49465 0.207174 0.36238 0.814591
14 0.314491 0.491773 0.267165 0.371889 0.764831
4 0.328648 0.720881 0.0664509 0.192613 0.674924
10 0.351764 0.789694 0.661284 0.420612 0.647648
4 0.332312 0.682713 0.0440501 0.296338 0.636625
14 0.67122 0.830338 0.149769 0.31286 0.613491
4 0.329292 0.701137 0.0585875 0.25819 0.558788
14 0.813449 0.634101 0.328142 0.452582 0.548801
14 0.802723 0.700081 0.35303 0.599839 0.487773
4 0.0512498 0.903453 0.0560114 0.185456 0.45296
4 0.0602641 0.910495 0.0651366 0.17901 0.406741
4 0.551959 0.669348 0.0338239 0.14167 0.30893
