8 0.827266 0.686762 0.0969828 0.221753 0.903925
14 0.0868158 0.622269 0.0865751 0.429326 0.774195
14 0.699265 0.482688 0.103588 0.147822 0.761754
14 0.840383 0.478173 0.067581 0.169692 0.753631
14 0.250307 0.494637 0.101068 0.184152 0.729423
14 0.409147 0.49007 0.0735466 0.152618 0.678866
8 0.499409 0.789335 0.145154 0.107136 0.619202
14 0.15917 0.502858 0.0887591 0.182733 0.614687
14 0.595647 0.490189 0.104964 0.150517 0.601794
14 0.410767 0.595976 0.0793415 0.366284 0.601054
8 0.303879 0.818683 0.14856 0.134502 0.580146
14 0.497336 0.584413 0.101488 0.328002 0.525237
14 0.157851 0.59706 0.0891408 0.373041 0.520023
8 0.140811 0.87379 0.146566 0.245592 0.45639
14 0.741568 0.907857 0.191002 0.184286 0.445023
8 0.871747 0.908753 0.159586 0.178656 0.431113
8 0.0742631 0.914176 0.148526 0.16588 0.418586
8 0.138023 0.814874 0.146199 0.130785 0.380464
14 0.702582 0.591664 0.111549 0.367116 0.358161
8 0.499505 0.913971 0.185597 0.166283 0.335486
14 0.490056 0.494781 0.0887779 0.148218 0.267684
