1 0.310312 0.495733 0.162801 0.15733 0.866252
1 0.7046 0.480811 0.163253 0.143484 0.829928
14 0.543359 0.430753 0.0642485 0.220141 0.792259
14 0.135776 0.84674 0.2658 0.302812 0.754175
1 0.442397 0.480348 0.20649 0.180363 0.735918
14 0.915653 0.425443 0.0785761 0.318423 0.735289
14 0.460062 0.466891 0.0434503 0.178428 0.711514
14 0.693506 0.422118 0.0498237 0.223903 0.644259
14 0.287804 0.450012 0.0640387 0.179645 0.619172
14 0.293066 0.458847 0.0808676 0.2068 0.473417
1 0.467558 0.490409 0.144653 0.151286 0.453587
14 0.471091 0.440651 0.0904815 0.21761 0.41814
14 0.324081 0.386057 0.0497575 0.102244 0.395902
14 0.313784 0.445096 0.0694889 0.228692 0.391949
14 0.308739 0.456398 0.11048 0.221844 0.351894
