3 0.596616 0.148091 0.558187 0.287495 0.806979
3 0.405236 0.620893 0.500189 0.242123 0.79658
3 0.22785 0.0356942 0.115397 0.0695359 0.746872
3 0.330854 0.0704465 0.101199 0.054331 0.730506
3 0.552252 0.597798 0.18823 0.187059 0.675411
3 0.272215 0.627718 0.227282 0.200633 0.641967
3 0.32301 0.620987 0.338456 0.218916 0.576265
3 0.385063 0.618427 0.204656 0.221992 0.56005
3 0.225995 0.6448 0.138194 0.164424 0.513136
3 0.202516 0.64833 0.0922494 0.154494 0.508214
3 0.420137 0.134314 0.204715 0.125478 0.294343
3 0.513461 0.600485 0.191901 0.195924 0.272824
3 0.335367 0.104547 0.104819 0.127532 0.268641
3 0.357679 0.623248 0.155744 0.208843 0.258045
