3 0.367062 0.4935 0.0785731 0.228013 0.792336
3 0.504466 0.508181 0.0952297 0.183103 0.770009
3 0.366765 0.575245 0.0769325 0.0664945 0.769242
3 0.507052 0.544962 0.0888897 0.114078 0.67709
3 0.397157 0.485281 0.143033 0.239407 0.670741
3 0.591407 0.425891 0.324084 0.344164 0.618982
3 0.61399 0.431714 0.176098 0.331342 0.612744
3 0.435442 0.511085 0.0891668 0.183894 0.468481
3 0.963286 0.833576 0.0722168 0.328668 0.426359
3 0.583959 0.434415 0.128324 0.33581 0.42314
3 0.473377 0.508283 0.157796 0.182904 0.421837
3 0.513735 0.48625 0.109656 0.230632 0.402644
3 0.303872 0.560507 0.0720526 0.0590008 0.369694
3 0.438341 0.566611 0.08816 0.0748492 0.357932
3 0.401608 0.550265 0.152139 0.112008 0.319358
3 0.358197 0.512001 0.0969135 0.18403 0.2888
