4 0.439708 0.528502 0.14597 0.374733 0.852684
4 0.448541 0.800801 0.154712 0.314945 0.833775
4 0.446484 0.236662 0.150667 0.420944 0.737309
4 0.595211 0.543732 0.159442 0.399193 0.705231
4 0.600063 0.212797 0.151892 0.391205 0.673662
4 0.594862 0.483039 0.154576 0.267717 0.665938
4 0.435407 0.480688 0.146058 0.264435 0.610809
4 0.429532 0.960259 0.0878062 0.0763756 0.609887
4 0.597266 0.637397 0.165762 0.590029 0.57787
4 0.750528 0.773072 0.157139 0.240846 0.535261
4 0.759061 0.481194 0.151522 0.274235 0.528838
4 0.276055 0.482521 0.145719 0.261023 0.523465
4 0.441352 0.757955 0.144283 0.228558 0.501703
4 0.285843 0.955123 0.120933 0.0897536 0.481184
4 0.29551 0.801939 0.169267 0.295045 0.477551
4 0.604999 0.166614 0.143481 0.277664 0.428693
4 0.778122 0.823189 0.210307 0.350519 0.392316
4 0.28841 0.759165 0.154175 0.236613 0.343716
4 0.789352 0.647331 0.203572 0.608821 0.331184
4 0.583446 0.964347 0.085498 0.0713055 0.329966
4 0.289669 0.234445 0.166447 0.41377 0.294993
4 0.441042 0.165497 0.146187 0.274509 0.258627
