14 0.883515 0.663846 0.101856 0.672309 0.898054
14 0.218664 0.409503 0.101099 0.78112 0.876113
14 0.810952 0.599967 0.0941201 0.729664 0.866676
14 0.654333 0.543903 0.157619 0.719722 0.857504
14 0.139778 0.360169 0.120976 0.681647 0.840315
14 0.448788 0.455692 0.135144 0.675514 0.813244
1 0.469309 0.588494 0.282754 0.454849 0.809078
14 0.893325 0.133486 0.060553 0.266972 0.743268
1 0.504883 0.625054 0.354835 0.532094 0.610935
1 0.438692 0.568233 0.224237 0.401505 0.531977
13 0.893009 0.183045 0.0618675 0.195716 0.334488
1 0.624522 0.731317 0.45245 0.511171 0.324263
1 0.582528 0.69502 0.625761 0.521217 0.293636
1 0.752198 0.755949 0.18093 0.458641 0.280452
