0 0.940552 0.773641 0.0672361 0.050493 0.668743
0 0.658846 0.819367 0.0487824 0.0489576 0.540797
0 0.577525 0.852733 0.0663476 0.0567771 0.495664
0 0.644216 0.727515 0.066058 0.0779405 0.380348
0 0.60242 0.696102 0.0669717 0.0524515 0.360711
0 0.837325 0.815778 0.0565538 0.0552036 0.303186
0 0.38594 0.66177 0.0769449 0.0631664 0.302461
0 0.299292 0.664033 0.050377 0.0506461 0.288946
0 0.187132 0.70187 0.0703388 0.0550754 0.286221
0 0.505959 0.689698 0.0611645 0.0769039 0.264536
0 0.524794 0.231371 0.0811505 0.0748618 0.254187
