14 0.215481 0.723565 0.40366 0.55287 0.735464
14 0.844193 0.706362 0.306344 0.582383 0.643904
14 0.596622 0.655131 0.128422 0.234209 0.627507
14 0.477523 0.678326 0.106381 0.192969 0.587172
4 0.608945 0.782264 0.0328945 0.147473 0.513018
14 0.732396 0.698333 0.200586 0.311166 0.512217
14 0.841343 0.624053 0.140111 0.237516 0.477085
14 0.405069 0.686795 0.12165 0.225344 0.47398
14 0.789353 0.749049 0.241764 0.501901 0.407881
14 0.759767 0.700554 0.138775 0.313475 0.359423
14 0.407447 0.765582 0.182578 0.386805 0.312842
14 0.768342 0.722968 0.249259 0.392902 0.310098
14 0.389873 0.698459 0.162777 0.247445 0.268991
10 0.558734 0.886227 0.471487 0.217454 0.254282
