3 0.68693 0.366755 0.148532 0.110441 0.826923
3 0.187214 0.53353 0.369797 0.182054 0.738784
3 0.282568 0.303383 0.138452 0.0664457 0.683027
3 0.688305 0.345287 0.149353 0.142669 0.656209
3 0.705356 0.745287 0.173068 0.144521 0.634752
15 0.394628 0.812097 0.405939 0.37095 0.604199
3 0.688048 0.317251 0.149656 0.204962 0.427407
3 0.711318 0.693017 0.157969 0.251097 0.420305
3 0.700721 0.66544 0.189106 0.311577 0.383492
3 0.414173 0.327652 0.243473 0.119623 0.377527
3 0.514528 0.329504 0.443117 0.129171 0.373783
3 0.333451 0.318773 0.0816182 0.105369 0.362099
3 0.503896 0.349552 0.5235 0.142076 0.279694
3 0.349128 0.323833 0.112266 0.115233 0.271924
3 0.479051 0.327487 0.365975 0.167891 0.265505
3 0.275839 0.549469 0.201524 0.146247 0.256592
