3 0.434456 0.585454 0.139929 0.498853 0.934109
3 0.92481 0.581849 0.108176 0.496323 0.918767
3 0.819692 0.621526 0.110751 0.44514 0.892965
3 0.250207 0.62648 0.124788 0.333634 0.870233
3 0.745765 0.644401 0.0817342 0.332768 0.820148
3 0.234564 0.629861 0.0864683 0.332839 0.715133
3 0.594988 0.689088 0.0847923 0.149417 0.648989
3 0.237666 0.741219 0.0927679 0.119426 0.627994
3 0.684193 0.664609 0.0529979 0.191287 0.590054
3 0.921304 0.775139 0.106059 0.128751 0.587409
3 0.841191 0.614247 0.154635 0.46428 0.512745
3 0.788246 0.62108 0.171128 0.43629 0.453444
3 0.818331 0.776813 0.105579 0.128916 0.418643
3 0.248231 0.758848 0.125133 0.0753578 0.412263
3 0.834497 0.709294 0.139425 0.272463 0.410077
3 0.43548 0.76311 0.138572 0.139917 0.396744
3 0.252591 0.719714 0.12531 0.17327 0.360519
3 0.0336406 0.651284 0.0672813 0.305539 0.300304
3 0.256425 0.748548 0.132668 0.0961469 0.292387
