1 0.617537 0.618944 0.177466 0.296629 0.83295
14 0.238587 0.451822 0.11011 0.444806 0.829608
1 0.344556 0.58978 0.160107 0.325268 0.825227
1 0.798378 0.673631 0.163751 0.355519 0.797097
14 0.933385 0.545174 0.128486 0.465655 0.654745
1 0.641073 0.623433 0.127727 0.291843 0.471499
14 0.640041 0.524325 0.116464 0.353103 0.399896
14 0.540725 0.459633 0.0654423 0.262209 0.30195
14 0.337262 0.425631 0.0802307 0.26638 0.294964
14 0.643822 0.494236 0.0922693 0.295206 0.260596
14 0.346451 0.473967 0.0976404 0.364024 0.250466
