8 0.830795 0.514874 0.157797 0.281154 0.961376
8 0.839047 0.549952 0.14631 0.254746 0.900498
8 0.808391 0.4947 0.112075 0.243369 0.771134
8 0.952444 0.62246 0.0940918 0.238501 0.761579
8 0.685761 0.460495 0.0995864 0.212608 0.672594
8 0.131782 0.3727 0.0805691 0.131609 0.662158
8 0.593995 0.446688 0.0853039 0.199827 0.646119
8 0.54792 0.445394 0.12056 0.219378 0.602946
8 0.214272 0.374496 0.0778573 0.130734 0.598604
8 0.566779 0.451306 0.0987206 0.206843 0.521721
8 0.802797 0.445091 0.0992647 0.140726 0.425942
8 0.428779 0.403117 0.108491 0.197886 0.424696
8 0.547953 0.444828 0.081342 0.223538 0.285829
8 0.447249 0.427447 0.139108 0.214248 0.256871
