3 0.525306 0.506997 0.325166 0.429683 0.819222
3 0.861547 0.673344 0.227299 0.0866161 0.798824
3 0.523857 0.573919 0.321441 0.289592 0.785576
3 0.608176 0.451153 0.15814 0.238044 0.7481
3 0.211143 0.679774 0.278732 0.105658 0.718157
3 0.236538 0.619468 0.33937 0.252392 0.705234
3 0.0565698 0.688805 0.0523497 0.0937397 0.63783
14 0.179042 0.58935 0.0497353 0.140542 0.589399
14 0.791902 0.618293 0.0621555 0.135081 0.583782
14 0.805786 0.618697 0.0350336 0.136725 0.557818
3 0.248252 0.674936 0.282374 0.117086 0.494474
3 0.826398 0.476935 0.312938 0.50569 0.494023
3 0.596718 0.428686 0.209595 0.289022 0.482092
3 0.838757 0.540498 0.2792 0.355454 0.475639
3 0.233234 0.550203 0.349322 0.415659 0.461334
3 0.656837 0.324063 0.104903 0.186884 0.454552
14 0.256925 0.593321 0.0477625 0.12997 0.410238
3 0.221279 0.672336 0.407279 0.118206 0.40349
3 0.0730813 0.494093 0.0793861 0.0528991 0.396016
3 0.568582 0.594534 0.231702 0.25058 0.341391
3 0.604855 0.523921 0.173433 0.367686 0.307916
3 0.850202 0.647091 0.258014 0.141999 0.295045
3 0.07385 0.327971 0.1477 0.175556 0.257679
