8 0.894166 0.840925 0.192482 0.317049 0.928508
8 0.514917 0.887038 0.183452 0.220868 0.849592
14 0.7294 0.500787 0.108292 0.185581 0.730111
14 0.518148 0.515222 0.0865176 0.15303 0.707388
8 0.730183 0.874819 0.174309 0.247363 0.701807
14 0.898864 0.679252 0.188203 0.365443 0.672102
14 0.406917 0.634407 0.100065 0.324194 0.63096
14 0.517334 0.695642 0.133561 0.30015 0.544274
14 0.611335 0.487109 0.0931895 0.218863 0.540126
14 0.71393 0.770618 0.199218 0.457108 0.525926
14 0.523921 0.533716 0.0991841 0.190778 0.462276
14 0.530467 0.77143 0.172266 0.456591 0.431017
14 0.939745 0.424859 0.0717911 0.155278 0.415895
14 0.894881 0.71592 0.192961 0.56816 0.360501
14 0.653632 0.443306 0.0484522 0.130456 0.348428
14 0.975481 0.437234 0.0454296 0.156044 0.31943
