4 0.371522 0.390232 0.104873 0.221555 0.677021
4 0.832342 0.401927 0.104919 0.226437 0.664007
4 0.473165 0.393553 0.109251 0.219541 0.617453
4 0.123308 0.385322 0.10653 0.2368 0.615645
4 0.727317 0.386925 0.107799 0.242486 0.594284
4 0.262406 0.393763 0.10228 0.232109 0.58156
4 0.263488 0.513551 0.101785 0.477136 0.572477
4 0.95157 0.409757 0.0968596 0.225303 0.569799
4 0.36886 0.519858 0.0987902 0.480564 0.548584
4 0.600997 0.398367 0.106597 0.209463 0.519062
4 0.598593 0.534766 0.10832 0.4915 0.514465
4 0.72719 0.513883 0.107388 0.50781 0.496
4 0.471856 0.533544 0.111205 0.501063 0.432177
4 0.833096 0.534941 0.104516 0.496675 0.388824
4 0.948195 0.539522 0.0996586 0.497353 0.357161
