14 0.722481 0.425425 0.07445 0.232542 0.738547
14 0.858223 0.417798 0.0710546 0.251493 0.597097
14 0.918792 0.409695 0.052244 0.19452 0.570066
14 0.60525 0.410614 0.0603069 0.198173 0.534255
14 0.718135 0.420632 0.0517999 0.218599 0.529927
14 0.920041 0.383064 0.0484246 0.138988 0.50526
14 0.0382976 0.371959 0.0700651 0.13607 0.391416
14 0.963664 0.390687 0.0604733 0.162234 0.375837
14 0.916932 0.411099 0.0731642 0.199001 0.343951
6 0.426453 0.632066 0.809575 0.429617 0.336809
14 0.878314 0.5191 0.113396 0.443422 0.332977
14 0.613863 0.428035 0.0771602 0.228959 0.266404
