14 0.449044 0.464592 0.265248 0.344336 0.846196
14 0.173152 0.390957 0.249177 0.557526 0.774808
14 0.0496156 0.465334 0.0992313 0.620105 0.712685
14 0.781041 0.383524 0.216583 0.49357 0.636681
14 0.918234 0.251021 0.159384 0.330297 0.445809
14 0.697272 0.713118 0.317969 0.573765 0.445153
14 0.484368 0.270579 0.20066 0.502482 0.433026
10 0.298305 0.798131 0.596611 0.397003 0.423219
14 0.90113 0.100478 0.105934 0.158728 0.405156
14 0.048504 0.382445 0.0970081 0.419787 0.386106
14 0.915781 0.33932 0.167566 0.546159 0.305895
