3 0.296903 0.262848 0.0781346 0.0759397 0.872031
3 0.506779 0.334549 0.378418 0.669098 0.761812
3 0.752729 0.201164 0.072171 0.0602556 0.645757
3 0.361882 0.156168 0.118305 0.291013 0.541426
3 0.94714 0.116371 0.105255 0.228553 0.467293
3 0.590237 0.433972 0.223981 0.426057 0.445983
3 0.348477 0.330798 0.696955 0.661596 0.389377
3 0.340636 0.171012 0.162748 0.262361 0.378071
3 0.411834 0.368975 0.231593 0.575052 0.34712
3 0.397935 0.44641 0.187467 0.409907 0.339319
3 0.766116 0.198505 0.101369 0.0665901 0.283592
14 0.422275 0.364835 0.0296035 0.0593337 0.280736
3 0.791673 0.124166 0.150002 0.219294 0.25335
