3 0.522901 0.487997 0.404382 0.453022 0.976141
3 0.97571 0.443867 0.0483154 0.22201 0.603839
3 0.915725 0.105537 0.142835 0.0759646 0.459116
3 0.964569 0.855126 0.070275 0.282002 0.455722
3 0.452344 0.54721 0.277228 0.311784 0.431781
3 0.636426 0.522628 0.172963 0.220437 0.426648
3 0.626553 0.129313 0.185284 0.101142 0.379599
3 0.646081 0.129206 0.128503 0.0959956 0.376005
3 0.504218 0.382983 0.0853054 0.24354 0.30821
3 0.419795 0.590022 0.204275 0.201195 0.287087
3 0.558279 0.458228 0.288576 0.363462 0.270294
