14 0.273991 0.607576 0.400427 0.528512 0.751728
14 0.838716 0.650541 0.318625 0.698917 0.751657
14 0.406613 0.447379 0.147288 0.384457 0.747351
14 0.728415 0.49981 0.187772 0.400556 0.666277
14 0.597401 0.487184 0.246499 0.384039 0.473869
14 0.539948 0.45705 0.140228 0.414163 0.385303
14 0.32658 0.374795 0.0860776 0.162651 0.342324
14 0.533192 0.416812 0.114568 0.342871 0.326384
14 0.703882 0.509955 0.137713 0.371219 0.312677
14 0.364828 0.492587 0.18801 0.381259 0.259443
14 0.641303 0.458355 0.166503 0.308908 0.251569
