14 0.31313 0.771591 0.144194 0.449177 0.865845
14 0.213495 0.82073 0.206316 0.35778 0.722516
14 0.207392 0.500918 0.106582 0.300652 0.664335
14 0.724896 0.516123 0.123443 0.33838 0.605075
14 0.376927 0.50982 0.158554 0.314675 0.598777
14 0.698552 0.784555 0.193077 0.42461 0.589013
14 0.582905 0.797012 0.13421 0.336227 0.500449
14 0.557441 0.501429 0.102208 0.264104 0.490623
14 0.462325 0.519317 0.0946352 0.335214 0.48069
14 0.479854 0.770153 0.161243 0.459693 0.435703
14 0.556344 0.597332 0.102448 0.476443 0.406068
14 0.64936 0.47603 0.10968 0.251679 0.39366
14 0.72583 0.644661 0.12516 0.606158 0.320129
14 0.37512 0.64402 0.160019 0.59341 0.312734
14 0.517376 0.767243 0.258543 0.460164 0.286967
