3 0.351431 0.771917 0.263742 0.298763 0.885554
3 0.144535 0.54894 0.175143 0.203936 0.851524
3 0.780462 0.769887 0.112338 0.0694934 0.821688
3 0.353758 0.480415 0.698431 0.3808 0.816436
3 0.572178 0.672368 0.142161 0.127001 0.804454
3 0.351466 0.637335 0.27109 0.581071 0.749383
3 0.599783 0.793478 0.107458 0.0599051 0.726402
3 0.042636 0.68188 0.0852721 0.270047 0.678919
3 0.872452 0.782932 0.107025 0.0610321 0.655791
3 0.43587 0.46434 0.519515 0.372787 0.610687
3 0.516374 0.869358 0.102814 0.100511 0.543615
3 0.958064 0.705952 0.0835399 0.160458 0.541737
3 0.363003 0.835626 0.233551 0.162911 0.485404
3 0.663209 0.626161 0.115839 0.212875 0.467325
3 0.61409 0.604531 0.2223 0.267942 0.438334
3 0.651082 0.60431 0.138885 0.260274 0.419518
3 0.189413 0.473284 0.274141 0.357309 0.38849
3 0.956569 0.760641 0.0826508 0.0613263 0.334975
3 0.261623 0.543005 0.134144 0.205554 0.326288
3 0.348376 0.675875 0.126974 0.0931737 0.292119
3 0.378756 0.812347 0.226165 0.210949 0.285227
3 0.341423 0.604095 0.458113 0.653423 0.282207
3 0.0423795 0.737889 0.0847158 0.155096 0.278962
