14 0.42948 0.213167 0.144039 0.278503 0.663282
14 0.16583 0.55704 0.331659 0.882099 0.639616
14 0.787332 0.580967 0.425097 0.838065 0.607924
14 0.327976 0.365377 0.249683 0.492886 0.547992
4 0.470577 0.390797 0.0469546 0.171265 0.364179
14 0.343639 0.141482 0.117039 0.184734 0.361176
4 0.591584 0.373973 0.0449171 0.156696 0.351109
4 0.589926 0.417053 0.0474797 0.236607 0.308811
14 0.772595 0.387314 0.193745 0.4916 0.303653
14 0.749264 0.430714 0.239248 0.502473 0.290627
14 0.9317 0.880719 0.1366 0.238563 0.281509
14 0.731863 0.27001 0.100209 0.315558 0.281312
10 0.469673 0.662576 0.59339 0.672499 0.267116
