14 0.234469 0.476984 0.128988 0.342946 0.705552
14 0.690668 0.424742 0.131434 0.252427 0.629066
14 0.605213 0.354503 0.126293 0.235879 0.598558
14 0.315479 0.448499 0.096735 0.25564 0.533463
14 0.11722 0.534961 0.23444 0.461517 0.489783
14 0.387081 0.392366 0.0751517 0.156118 0.488956
14 0.863225 0.632789 0.272081 0.696548 0.465527
14 0.79295 0.49848 0.180994 0.378846 0.459663
14 0.317416 0.415726 0.0950721 0.184223 0.367518
14 0.134253 0.597528 0.268505 0.584159 0.357351
10 0.479532 0.715917 0.537535 0.568165 0.27186
14 0.802297 0.460222 0.156881 0.309721 0.270915
14 0.755876 0.556934 0.240214 0.510012 0.253864
