14 0.604103 0.772791 0.303685 0.454418 0.813949
8 0.770042 0.569579 0.131209 0.430389 0.740447
14 0.385092 0.526222 0.117174 0.384267 0.686013
14 0.543583 0.445736 0.131065 0.301822 0.614473
14 0.543158 0.555782 0.127316 0.526189 0.457674
14 0.372591 0.433788 0.0819791 0.199864 0.427073
14 0.724875 0.499883 0.169126 0.504683 0.425102
14 0.506343 0.688304 0.198806 0.352096 0.424655
14 0.407072 0.520265 0.181192 0.379945 0.414538
14 0.769525 0.569196 0.136521 0.429894 0.414286
14 0.749023 0.416455 0.107135 0.333602 0.408081
14 0.343846 0.795946 0.211241 0.403153 0.403596
14 0.281087 0.700682 0.326701 0.592353 0.348628
14 0.524921 0.727876 0.2287 0.417975 0.335306
14 0.349482 0.756537 0.187631 0.314274 0.329845
14 0.349174 0.608907 0.188126 0.376712 0.327721
14 0.309889 0.914457 0.234487 0.161072 0.279517
