3 0.662025 0.493971 0.520304 0.302647 0.672787
3 0.65991 0.330852 0.522441 0.661703 0.618515
3 0.802637 0.546458 0.246139 0.184083 0.523625
3 0.52409 0.400492 0.251132 0.242696 0.492684
3 0.641013 0.433759 0.250287 0.221877 0.464036
3 0.496536 0.35228 0.203042 0.281032 0.428762
3 0.665898 0.565171 0.113191 0.14152 0.41629
3 0.753846 0.528889 0.309464 0.225459 0.410856
3 0.516142 0.350054 0.239773 0.34253 0.382589
3 0.675267 0.517698 0.129325 0.235414 0.322872
3 0.828731 0.512067 0.176636 0.117692 0.313575
3 0.566644 0.429065 0.142216 0.207867 0.297046
3 0.438143 0.341615 0.0996914 0.074338 0.273389
3 0.514842 0.413243 0.230807 0.1834 0.258415
