3 0.814708 0.675498 0.259888 0.121085 0.928463
3 0.767961 0.841558 0.197433 0.184407 0.907847
3 0.68215 0.449135 0.137983 0.073725 0.903235
3 0.891194 0.198372 0.0928048 0.197262 0.896928
3 0.412784 0.796687 0.511454 0.237045 0.875502
3 0.0609667 0.768413 0.121933 0.220876 0.872437
3 0.157564 0.326214 0.060659 0.0503686 0.872294
3 0.398449 0.235362 0.0729915 0.213192 0.802902
3 0.449847 0.337447 0.0754232 0.0468942 0.788282
3 0.425067 0.227934 0.129078 0.252978 0.780713
3 0.0914095 0.315992 0.0490546 0.0726578 0.761652
3 0.712405 0.276703 0.0543357 0.0499532 0.747626
3 0.398409 0.315948 0.0740717 0.0542417 0.738421
3 0.641308 0.659759 0.183341 0.0806121 0.697061
3 0.895767 0.771334 0.203745 0.260618 0.607885
3 0.23941 0.269991 0.100554 0.083362 0.4837
3 0.744793 0.68079 0.39751 0.157591 0.475689
3 0.892842 0.227858 0.0923338 0.142701 0.443778
3 0.870271 0.194543 0.129202 0.197155 0.419252
3 0.898891 0.810501 0.197336 0.173908 0.363892
3 0.744764 0.763009 0.396184 0.318921 0.357511
3 0.889987 0.273852 0.0943489 0.044099 0.354182
3 0.682193 0.66216 0.26276 0.0851753 0.351933
3 0.449964 0.234249 0.0789084 0.250364 0.347273
3 0.749187 0.653969 0.402431 0.12308 0.268935
3 0.89091 0.265911 0.0940235 0.0659434 0.264293
3 0.528645 0.245435 0.23621 0.110876 0.260602
