3 0.95186 0.803271 0.091275 0.074728 0.735659
3 0.952639 0.683825 0.0941471 0.306356 0.719215
3 0.0884267 0.763843 0.082706 0.178621 0.663567
3 0.812717 0.709596 0.147896 0.255353 0.550169
3 0.382574 0.695253 0.709411 0.318067 0.527673
3 0.27552 0.499545 0.0416156 0.145075 0.476643
3 0.0864331 0.819407 0.0754056 0.0690142 0.455063
3 0.115057 0.759412 0.135285 0.182788 0.40678
3 0.0861492 0.795152 0.0768665 0.117442 0.353379
3 0.203711 0.798754 0.0750059 0.103878 0.333198
3 0.424382 0.703513 0.188696 0.302382 0.317773
3 0.0792757 0.757461 0.156452 0.188643 0.315338
3 0.203252 0.74464 0.0724573 0.210664 0.307613
3 0.146973 0.751391 0.0783022 0.195377 0.300127
3 0.0313682 0.803354 0.0627365 0.100095 0.296637
3 0.0324689 0.757868 0.064643 0.18488 0.28898
3 0.147224 0.812805 0.0762176 0.0742525 0.273252
3 0.587619 0.596941 0.0579119 0.130135 0.256896
3 0.38562 0.704756 0.113244 0.298143 0.256882
3 0.20852 0.70968 0.0839732 0.283939 0.256522
3 0.260636 0.70856 0.191138 0.287828 0.254567
