4 0.425691 0.736524 0.0349054 0.141009 0.974639
4 0.103261 0.747351 0.0343758 0.135941 0.968629
4 0.33833 0.737083 0.0339431 0.14367 0.968423
4 0.455346 0.73497 0.0336803 0.138193 0.960769
4 0.192514 0.744984 0.0335242 0.136448 0.960429
4 0.279337 0.741811 0.0347989 0.140329 0.960408
4 0.368034 0.737172 0.0319325 0.139478 0.952193
4 0.162678 0.746439 0.0346107 0.141781 0.950583
4 0.30843 0.737732 0.0307956 0.141506 0.927656
4 0.395419 0.736001 0.0306561 0.140725 0.923184
4 0.131034 0.747828 0.0332927 0.134067 0.905338
4 0.0746725 0.749029 0.0348943 0.138207 0.90472
4 0.488224 0.735124 0.0348013 0.137992 0.894121
4 0.248443 0.743231 0.0315866 0.139422 0.884599
4 0.0173424 0.753176 0.0346848 0.142893 0.864191
4 0.219419 0.743303 0.0315887 0.14178 0.855775
14 0.569245 0.598116 0.633043 0.803769 0.77206
4 0.0454282 0.750621 0.0316949 0.135547 0.746137
14 0.901297 0.710085 0.197407 0.579829 0.721694
4 0.641739 0.211332 0.0362608 0.130436 0.714585
10 0.291019 0.893078 0.582037 0.213266 0.469018
4 0.390185 0.735633 0.0315763 0.137665 0.320493
