15 0.0548058 0.388315 0.109612 0.222688 0.779273
15 0.338564 0.675804 0.537664 0.638432 0.763467
15 0.192711 0.790421 0.256569 0.392613 0.658432
15 0.922566 0.6665 0.154868 0.367956 0.497548
15 0.524296 0.378052 0.142693 0.170995 0.457516
15 0.950467 0.66332 0.0989475 0.371945 0.455063
15 0.787255 0.706828 0.202948 0.363774 0.364123
15 0.142433 0.926995 0.126749 0.143793 0.360168
15 0.588766 0.727103 0.160468 0.358048 0.351107
15 0.73017 0.712252 0.314255 0.376894 0.300523
15 0.514611 0.869088 0.110743 0.255784 0.294746
15 0.646946 0.713951 0.258923 0.366027 0.273843
