14 0.405955 0.526073 0.206391 0.675639 0.828061
1 0.666822 0.766668 0.575302 0.46666 0.7858
1 0.158499 0.596974 0.154723 0.409768 0.762636
1 0.366426 0.70723 0.429714 0.494242 0.745557
14 0.706475 0.616503 0.319705 0.766994 0.731662
1 0.441378 0.723903 0.5749 0.503243 0.684982
14 0.233195 0.514164 0.120724 0.614738 0.652325
1 0.542029 0.746316 0.430046 0.506258 0.57401
14 0.812897 0.606787 0.107031 0.765282 0.337612
1 0.900633 0.839315 0.198735 0.320482 0.27825
14 0.959372 0.597602 0.0812557 0.466412 0.263746
1 0.751288 0.80937 0.497424 0.380509 0.252163
