14 0.504077 0.626443 0.205474 0.736468 0.912678
14 0.929626 0.828669 0.140748 0.334537 0.70187
8 0.645943 0.770617 0.135187 0.343497 0.652349
14 0.299847 0.694826 0.126196 0.421734 0.603352
8 0.257948 0.743177 0.102588 0.334263 0.408912
10 0.156782 0.644802 0.300223 0.297685 0.366796
14 0.0683044 0.475752 0.0728247 0.0970409 0.355123
14 0.761109 0.497643 0.0628676 0.111866 0.303014
14 0.709659 0.490456 0.0465863 0.112038 0.300658
10 0.775564 0.760226 0.448871 0.470266 0.296319
10 0.783046 0.67975 0.424759 0.30095 0.26237
8 0.743242 0.80729 0.130128 0.382666 0.256671
