4 0.586161 0.450743 0.142495 0.779829 0.953953
4 0.120883 0.484733 0.207095 0.925985 0.94623
4 0.81838 0.461542 0.125058 0.63318 0.915166
4 0.711131 0.484596 0.112787 0.630975 0.891983
4 0.448543 0.46011 0.16763 0.884397 0.834584
4 0.920543 0.512088 0.137948 0.937893 0.727984
4 0.288911 0.475751 0.171219 0.854045 0.71207
4 0.675856 0.426023 0.190043 0.785478 0.673495
4 0.922069 0.418126 0.122282 0.723951 0.657581
4 0.885265 0.520914 0.223892 0.935854 0.636395
4 0.803671 0.421741 0.161349 0.729515 0.624794
4 0.711191 0.494103 0.113527 0.972629 0.421344
4 0.811391 0.425289 0.314276 0.777825 0.340589
4 0.477352 0.455196 0.241384 0.867833 0.318685
