14 0.45268 0.4532 0.123874 0.660036 0.888816
14 0.655672 0.543424 0.154095 0.722425 0.876564
14 0.137833 0.329435 0.105662 0.630058 0.829602
14 0.220254 0.410557 0.0978174 0.756622 0.824072
14 0.891237 0.661424 0.0942485 0.65488 0.818584
1 0.427509 0.576017 0.201749 0.390668 0.795094
1 0.653335 0.646293 0.193555 0.465042 0.791723
14 0.813425 0.589619 0.0937427 0.717241 0.755171
1 0.856041 0.741272 0.218141 0.479543 0.680613
14 0.893154 0.139526 0.0628624 0.26462 0.679848
1 0.800301 0.737842 0.101174 0.462383 0.676999
1 0.612998 0.641494 0.111752 0.434023 0.629156
14 0.913532 0.121817 0.0271843 0.217796 0.445391
