5 0.835415 0.421368 0.329171 0.425596 0.923262
14 0.725973 0.635146 0.154922 0.398461 0.859826
14 0.548179 0.610437 0.129778 0.304412 0.844448
14 0.817497 0.576125 0.0864347 0.338098 0.803535
14 0.134647 0.615056 0.135408 0.285998 0.797766
14 0.388645 0.599416 0.0950584 0.380318 0.710342
14 0.624703 0.593151 0.0816666 0.342842 0.661659
14 0.322026 0.611445 0.0660509 0.334693 0.562551
14 0.440283 0.587922 0.0593347 0.269653 0.546226
14 0.261126 0.539385 0.0277129 0.119482 0.325133
14 0.318531 0.536421 0.061966 0.183004 0.295048
