19 0.927134 0.558027 0.145733 0.380602 0.971815
14 0.33336 0.69156 0.135066 0.438615 0.832735
14 0.743216 0.518593 0.129844 0.367326 0.786056
14 0.239831 0.651548 0.15246 0.519467 0.74717
14 0.84321 0.387388 0.14865 0.497633 0.703147
14 0.164241 0.639043 0.217219 0.541548 0.640111
14 0.377735 0.377995 0.0737208 0.287121 0.621803
14 0.50127 0.682352 0.176703 0.41055 0.535286
14 0.76536 0.769968 0.144214 0.358786 0.508691
14 0.6104 0.467446 0.129558 0.490582 0.422694
14 0.511734 0.366091 0.0971684 0.366003 0.419904
14 0.530756 0.671857 0.116103 0.399689 0.411028
14 0.681109 0.444024 0.116551 0.486912 0.380812
14 0.310841 0.413026 0.0619507 0.147298 0.300249
14 0.591503 0.456924 0.0949805 0.483312 0.28693
14 0.440716 0.362507 0.085595 0.299689 0.28617
17 0.0934659 0.744779 0.186932 0.494167 0.262601
14 0.608329 0.759773 0.186801 0.349435 0.261715
14 0.73169 0.29044 0.0777792 0.208929 0.251961
