14 0.793841 0.682264 0.387367 0.623502 0.830618
14 0.541646 0.640313 0.145496 0.719374 0.676924
14 0.506472 0.632845 0.217564 0.718472 0.61098
14 0.567856 0.632329 0.0975349 0.720115 0.437021
14 0.33655 0.617764 0.258058 0.748189 0.413456
14 0.233802 0.606177 0.467603 0.775867 0.409439
14 0.168436 0.49584 0.336763 0.991679 0.380418
4 0.467385 0.938384 0.0624887 0.119563 0.367097
14 0.959652 0.673462 0.0801163 0.648996 0.359772
14 0.470557 0.629751 0.161394 0.722676 0.324972
14 0.961455 0.649479 0.0770899 0.47378 0.259609
