0 0.837933 0.522411 0.0538445 0.0495836 0.705956
0 0.64942 0.544373 0.0538554 0.0323937 0.494441
0 0.736158 0.564651 0.0505134 0.0405794 0.482376
0 0.150103 0.589081 0.0511657 0.0519911 0.473859
0 0.507331 0.659823 0.0491601 0.0678329 0.415463
0 0.367292 0.576514 0.0541902 0.0341922 0.410503
0 0.367652 0.566394 0.0584602 0.0523342 0.361922
0 0.265689 0.631535 0.0534753 0.0439037 0.355962
0 0.651162 0.543794 0.051698 0.0490177 0.305592
0 0.648023 0.533278 0.057191 0.0727809 0.275029
0 0.385904 0.65636 0.0425864 0.030615 0.260709
