10 0.381266 0.806096 0.581812 0.387809 0.863931
14 0.127766 0.371924 0.207757 0.33433 0.846691
14 0.637398 0.359993 0.151405 0.239813 0.755227
14 0.775562 0.688463 0.226641 0.623074 0.748654
14 0.105452 0.598168 0.195487 0.361794 0.738549
14 0.64 0.628327 0.214301 0.429183 0.729629
14 0.579054 0.505055 0.126742 0.255326 0.688802
4 0.339717 0.585693 0.0433297 0.120394 0.661388
14 0.517768 0.371058 0.147838 0.308335 0.586542
14 0.9401 0.736328 0.117426 0.527344 0.540052
14 0.410204 0.339632 0.124003 0.222306 0.516939
4 0.457022 0.591106 0.0582768 0.197941 0.488751
14 0.388905 0.486443 0.162851 0.211045 0.468015
14 0.336688 0.379941 0.173981 0.21941 0.465225
14 0.508562 0.508403 0.0963524 0.201095 0.453053
4 0.388781 0.64041 0.0405479 0.134796 0.440598
14 0.279926 0.5293 0.1286 0.246975 0.284168
14 0.943087 0.617605 0.113228 0.757718 0.260049
14 0.371713 0.482701 0.116312 0.206029 0.255601
