8 0.888524 0.841188 0.194834 0.313053 0.821941
10 0.685414 0.759762 0.344937 0.401314 0.780175
14 0.731254 0.500172 0.114418 0.179707 0.760189
14 0.890465 0.690442 0.192888 0.414788 0.759842
8 0.510127 0.88235 0.180468 0.234073 0.687667
10 0.733551 0.76504 0.239808 0.413983 0.620305
8 0.727089 0.8789 0.184241 0.2422 0.596048
10 0.628673 0.323188 0.731387 0.646377 0.551756
14 0.612266 0.487588 0.0927292 0.190383 0.531329
14 0.53215 0.748423 0.154291 0.4084 0.490855
10 0.557423 0.5 0.875858 1 0.480365
14 0.409417 0.642849 0.0998539 0.349086 0.477681
10 0.635466 0.71125 0.369175 0.310556 0.413939
1 0.193285 0.499201 0.383213 0.998403 0.392983
8 0.755644 0.876855 0.133235 0.244842 0.377929
10 0.674893 0.248581 0.648363 0.497162 0.30815
14 0.65479 0.450618 0.0484022 0.126641 0.260681
