10 0.304421 0.805683 0.601115 0.388635 0.856357
14 0.185476 0.398138 0.228311 0.564818 0.830384
14 0.443826 0.464036 0.255227 0.347402 0.810648
14 0.486591 0.327074 0.208693 0.611336 0.773604
14 0.903141 0.53426 0.193717 0.93148 0.748935
14 0.0453444 0.484011 0.0906887 0.619733 0.747171
14 0.674708 0.727462 0.362646 0.545077 0.660621
14 0.766224 0.442149 0.248982 0.60065 0.634464
14 0.91789 0.263135 0.146845 0.447637 0.408778
4 0.388585 0.68209 0.0524239 0.143546 0.289706
14 0.765379 0.569506 0.247452 0.858738 0.254943
