14 0.482099 0.42464 0.130497 0.440985 0.8511
14 0.356005 0.428264 0.132966 0.446946 0.839681
14 0.901619 0.553947 0.145863 0.364464 0.784753
14 0.683105 0.533951 0.110308 0.356464 0.749765
14 0.836684 0.733039 0.241823 0.512477 0.73787
10 0.497544 0.810496 0.537013 0.36241 0.680581
14 0.616036 0.493092 0.0938662 0.314923 0.669788
14 0.198082 0.499879 0.0628095 0.187977 0.595252
14 0.261785 0.514132 0.108107 0.516362 0.520178
14 0.179001 0.805521 0.214609 0.385496 0.340701
14 0.0464955 0.684787 0.0929911 0.625656 0.279885
14 0.260605 0.42241 0.106744 0.338528 0.274746
