10 0.376669 0.799975 0.591804 0.400051 0.904583
14 0.318185 0.495939 0.169458 0.263038 0.878483
14 0.568868 0.500378 0.143205 0.359996 0.871018
14 0.663704 0.620302 0.172073 0.443693 0.824278
4 0.377905 0.704495 0.0387383 0.155027 0.734887
14 0.436304 0.491565 0.154816 0.256567 0.69172
14 0.629034 0.185832 0.203479 0.340843 0.621891
4 0.437656 0.589408 0.031739 0.118055 0.408283
15 0.146674 0.425919 0.289857 0.849348 0.408012
8 0.885079 0.814751 0.229842 0.370134 0.316423
14 0.628063 0.616589 0.262294 0.455372 0.268161
