10 0.715701 0.851234 0.568598 0.293554 0.744958
8 0.454686 0.829787 0.261097 0.339378 0.739608
8 0.26035 0.82671 0.176347 0.345581 0.647655
10 0.805316 0.859667 0.389368 0.272861 0.522515
10 0.592158 0.841883 0.722973 0.309897 0.516243
10 0.334517 0.82266 0.510774 0.344519 0.479729
10 0.441037 0.830841 0.718607 0.326761 0.395758
19 0.723467 0.490803 0.0630512 0.0557842 0.384949
10 0.703046 0.796631 0.580417 0.406739 0.291183
15 0.57398 0.581949 0.231834 0.343616 0.274964
8 0.841213 0.668788 0.143441 0.137487 0.267121
