8 0.353569 0.706049 0.14482 0.317443 0.717312
8 0.511346 0.767809 0.197455 0.389981 0.715059
10 0.511754 0.729464 0.68076 0.412335 0.632815
8 0.854613 0.721206 0.290774 0.539454 0.504612
10 0.613766 0.737373 0.478275 0.39407 0.490884
8 0.262815 0.662227 0.129769 0.265509 0.464066
8 0.137744 0.615272 0.0767783 0.213213 0.454162
8 0.178632 0.630225 0.07102 0.223855 0.375057
10 0.443452 0.692851 0.552551 0.366513 0.335566
8 0.486528 0.767782 0.140156 0.382955 0.324828
8 0.131567 0.603951 0.0626479 0.178767 0.316801
10 0.317858 0.648382 0.347093 0.304116 0.296597
