14 0.186074 0.82521 0.159879 0.34958 0.884626
14 0.316769 0.776848 0.135142 0.446304 0.87204
14 0.585105 0.815697 0.136049 0.368607 0.869652
14 0.703891 0.788472 0.20338 0.422386 0.751112
14 0.726571 0.518323 0.124073 0.347991 0.737071
14 0.465993 0.776363 0.18798 0.445983 0.716788
14 0.641565 0.502309 0.116411 0.306735 0.703015
14 0.465066 0.503867 0.0961794 0.29382 0.695331
14 0.558378 0.49876 0.101797 0.264433 0.659969
14 0.209819 0.524472 0.106419 0.357852 0.646479
14 0.371324 0.548007 0.141786 0.40379 0.41758
14 0.371053 0.657736 0.158471 0.621429 0.354961
