2 0.0769337 0.63067 0.130814 0.292719 0.967115
2 0.179071 0.689712 0.142123 0.341491 0.911568
2 0.860985 0.642154 0.174931 0.317445 0.859283
2 0.270529 0.741338 0.104836 0.318885 0.791374
2 0.419572 0.500635 0.179415 0.232409 0.771248
14 0.100266 0.0999107 0.0586484 0.161096 0.757141
2 0.651749 0.632295 0.0792203 0.230459 0.750693
2 0.281852 0.516561 0.205622 0.240774 0.682435
2 0.912741 0.618445 0.0916375 0.277722 0.618717
2 0.36884 0.750649 0.167307 0.342063 0.614531
2 0.768651 0.55981 0.135901 0.266241 0.570669
14 0.0341634 0.0896571 0.0609866 0.179314 0.536233
2 0.319252 0.516331 0.147669 0.242641 0.510975
2 0.574346 0.624596 0.118781 0.368936 0.472705
2 0.560803 0.642928 0.091016 0.344268 0.375839
2 0.606627 0.600399 0.187502 0.434027 0.364042
2 0.353453 0.504077 0.316701 0.236254 0.320663
14 0.0441651 0.0897135 0.0873425 0.179427 0.315705
