10 0.502862 0.77761 0.415997 0.36385 0.890465
8 0.359187 0.757695 0.122466 0.367311 0.736793
10 0.86538 0.731309 0.111579 0.480536 0.720314
8 0.45433 0.775306 0.13006 0.362999 0.553309
8 0.685492 0.762423 0.0739078 0.378291 0.490142
10 0.612567 0.775026 0.224366 0.351263 0.408097
8 0.567095 0.790696 0.136066 0.362783 0.399719
8 0.812549 0.701501 0.0732349 0.336963 0.377029
8 0.869432 0.706051 0.0977304 0.329389 0.375123
8 0.66142 0.763167 0.12428 0.376806 0.371785
8 0.849127 0.745844 0.137994 0.418845 0.36206
8 0.824523 0.714804 0.0962407 0.363966 0.358673
8 0.319566 0.680246 0.141323 0.259214 0.30287
10 0.415728 0.762009 0.322531 0.401989 0.298077
8 0.874004 0.752306 0.0849791 0.450803 0.265808
8 0.285628 0.654989 0.0678528 0.203212 0.255827
