3 0.230789 0.5 0.360523 1 0.741568
14 0.9053 0.566842 0.0500576 0.105083 0.63466
3 0.686557 0.762229 0.625694 0.473962 0.626429
3 0.517884 0.500274 0.892053 0.999451 0.562241
14 0.497423 0.622805 0.0627661 0.287301 0.56139
3 0.683435 0.497327 0.62726 0.994655 0.483334
14 0.426511 0.607264 0.0773997 0.264299 0.424298
14 0.623682 0.541234 0.0939272 0.221138 0.373386
14 0.813773 0.556796 0.0631946 0.115333 0.369276
14 0.564003 0.604158 0.083419 0.38844 0.317496
3 0.314584 0.492511 0.477806 0.985023 0.304803
