14 0.66436 0.202554 0.12968 0.307232 0.739263
14 0.235132 0.674239 0.470263 0.649323 0.584373
14 0.850617 0.471798 0.298767 0.684336 0.577029
10 0.325727 0.450381 0.36712 0.364966 0.512451
14 0.154583 0.423002 0.200672 0.479461 0.498986
10 0.684413 0.772119 0.631175 0.454627 0.447183
14 0.14612 0.338472 0.181483 0.307005 0.400455
14 0.161786 0.67819 0.322673 0.642942 0.393811
14 0.866896 0.551527 0.266208 0.541201 0.338051
14 0.938554 0.226992 0.122892 0.30592 0.337323
14 0.775945 0.478297 0.440139 0.700681 0.287491
14 0.692219 0.483347 0.615562 0.725672 0.276324
14 0.112422 0.59065 0.224845 0.46817 0.2671
