14 0.899449 0.595406 0.190944 0.289908 0.888395
14 0.416378 0.36762 0.0812714 0.264569 0.655469
14 0.0563596 0.37115 0.0728834 0.272578 0.628315
8 0.324812 0.821571 0.134046 0.332538 0.612289
14 0.126369 0.430477 0.100864 0.402423 0.482482
8 0.316152 0.75248 0.219324 0.408969 0.453475
8 0.263537 0.630195 0.264108 0.317993 0.405638
14 0.572888 0.357531 0.0704014 0.29167 0.405165
14 0.290493 0.535347 0.192888 0.370434 0.400715
8 0.201991 0.646548 0.140897 0.293512 0.368286
14 0.549346 0.787134 0.412274 0.423082 0.365707
10 0.496584 0.736065 0.54444 0.527869 0.353808
14 0.26342 0.508285 0.142363 0.312616 0.335034
10 0.425189 0.573259 0.344776 0.23529 0.296057
14 0.308921 0.596978 0.233057 0.485489 0.295878
10 0.833222 0.808724 0.333555 0.380567 0.286762
8 0.109024 0.566369 0.0793907 0.19559 0.284723
10 0.417858 0.698056 0.386021 0.463777 0.279573
14 0.978163 0.40015 0.0436747 0.330713 0.26202
8 0.514703 0.871185 0.29802 0.255512 0.261663
10 0.848236 0.873878 0.303529 0.251842 0.256575
