14 0.437924 0.703595 0.070212 0.133499 0.914969
14 0.35461 0.724567 0.0728152 0.140652 0.888987
14 0.715159 0.710294 0.0704681 0.148377 0.863745
14 0.602886 0.705992 0.0649376 0.13739 0.856674
14 0.107872 0.695929 0.0646006 0.136922 0.850052
14 0.49077 0.714846 0.059964 0.140844 0.843483
14 0.172524 0.70418 0.0921745 0.146367 0.806492
6 0.0485048 0.660293 0.0970096 0.0766201 0.789824
14 0.0623436 0.7045 0.0600683 0.131429 0.641125
14 0.0119866 0.724414 0.0239732 0.139216 0.294756
14 0.246817 0.695098 0.0368206 0.117811 0.276812
