14 0.694004 0.571447 0.101218 0.327479 0.949787
14 0.407786 0.595344 0.0766804 0.35935 0.947568
14 0.591652 0.581558 0.103045 0.3328 0.944892
14 0.488615 0.583327 0.0889323 0.327159 0.939456
8 0.830602 0.687365 0.0979666 0.225049 0.933179
8 0.652255 0.866608 0.137012 0.265209 0.924556
14 0.85565 0.485311 0.0985495 0.177546 0.919814
14 0.245495 0.586175 0.095794 0.360692 0.917503
14 0.161876 0.585517 0.0989677 0.343468 0.914739
8 0.142049 0.872827 0.145608 0.244293 0.89493
8 0.0742636 0.916818 0.148527 0.1629 0.894211
14 0.0823728 0.622435 0.0794332 0.424677 0.893922
8 0.493994 0.916898 0.168903 0.163438 0.892343
8 0.869454 0.909805 0.164816 0.174832 0.885737
8 0.317027 0.874679 0.169104 0.246566 0.881601
8 0.27165 0.918535 0.163983 0.158712 0.867743
8 0.4981 0.870093 0.162454 0.254597 0.793541
14 0.739086 0.905747 0.167053 0.185323 0.430474
8 0.918655 0.64781 0.108918 0.237159 0.342824
8 0.0139231 0.876231 0.0278462 0.241599 0.255554
