14 0.138804 0.34375 0.112287 0.654088 0.949254
1 0.428679 0.578009 0.203242 0.398249 0.922388
14 0.81319 0.593067 0.0912569 0.723258 0.916613
14 0.887859 0.663768 0.0970936 0.659552 0.900872
14 0.454087 0.459837 0.124961 0.667768 0.896281
1 0.791669 0.744768 0.0881813 0.453345 0.88797
14 0.219559 0.408189 0.0994064 0.769341 0.886707
14 0.640925 0.546556 0.127532 0.705705 0.881519
1 0.144977 0.572478 0.079898 0.451615 0.854372
14 0.893253 0.137209 0.0644205 0.260804 0.847092
1 0.609292 0.660968 0.107616 0.479216 0.844719
13 0.892387 0.170525 0.0648919 0.217189 0.84219
14 0.68359 0.542776 0.0977479 0.70041 0.804315
