14 0.30614 0.52417 0.105392 0.297036 0.944167
14 0.41223 0.451797 0.0685392 0.37575 0.939305
14 0.118374 0.556866 0.102396 0.375356 0.93572
14 0.657484 0.447043 0.0517878 0.378269 0.905095
14 0.218082 0.4742 0.0831116 0.396589 0.879988
14 0.745106 0.54808 0.0762682 0.335063 0.87243
14 0.167001 0.462994 0.0583782 0.410305 0.86557
14 0.600945 0.504417 0.0708707 0.260113 0.864805
14 0.352786 0.472863 0.0558477 0.357502 0.846344
14 0.598132 0.35591 0.0529561 0.234256 0.82764
14 0.801548 0.454741 0.0778957 0.388066 0.816961
14 0.508357 0.530366 0.0423128 0.229684 0.802903
14 0.47063 0.461163 0.0721346 0.362413 0.779126
14 0.739611 0.361453 0.0640078 0.231882 0.767767
14 0.30223 0.625971 0.18921 0.28011 0.762949
14 0.475453 0.520488 0.0373485 0.249931 0.733487
14 0.273765 0.626698 0.133481 0.283147 0.686952
14 0.565769 0.608084 0.0670593 0.223383 0.666465
14 0.521157 0.402272 0.05555 0.271481 0.661949
14 0.4795 0.460718 0.0490345 0.359526 0.537038
