14 0.612914 0.77607 0.174602 0.370795 0.934826
14 0.41373 0.594327 0.0891393 0.335149 0.932607
14 0.169031 0.671796 0.225423 0.592556 0.929183
14 0.512018 0.355292 0.0983347 0.336616 0.926262
14 0.681218 0.392466 0.108448 0.381705 0.925293
14 0.503647 0.681447 0.183997 0.40144 0.922768
14 0.343819 0.698876 0.159077 0.464473 0.917556
14 0.438079 0.383592 0.08108 0.341868 0.913208
14 0.740786 0.514802 0.125221 0.33379 0.909341
14 0.376825 0.377439 0.0660095 0.293587 0.904285
14 0.596082 0.40864 0.0779448 0.378987 0.902028
14 0.738742 0.307497 0.0850506 0.2449 0.898892
14 0.843064 0.387741 0.153624 0.492222 0.897803
14 0.287974 0.406616 0.110653 0.133314 0.877059
19 0.925523 0.559303 0.146096 0.364842 0.873133
14 0.745313 0.773152 0.180716 0.360433 0.84101
14 0.273905 0.467562 0.0867721 0.162504 0.8399
14 0.239473 0.553893 0.15572 0.32029 0.787556
14 0.646004 0.628844 0.108275 0.237186 0.634183
14 0.479842 0.579098 0.0503021 0.212429 0.574795
17 0.362976 0.730947 0.725953 0.508672 0.466253
