6 0.373548 0.766157 0.413711 0.172707 0.917646
6 0.964631 0.549205 0.066616 0.0816943 0.860814
6 0.819053 0.509269 0.129461 0.0851716 0.86013
6 0.326368 0.638121 0.38952 0.160807 0.846854
6 0.858348 0.523326 0.0779846 0.072846 0.739788
6 0.45787 0.531979 0.213416 0.118205 0.727634
6 0.327803 0.605682 0.392302 0.193615 0.53777
6 0.907553 0.515092 0.179909 0.0986922 0.530622
6 0.36928 0.552234 0.271066 0.10525 0.260685
6 0.363914 0.681352 0.356487 0.144664 0.25684
6 0.360257 0.586194 0.332454 0.171706 0.256749
6 0.963181 0.501878 0.070077 0.0692333 0.251629
