14 0.914923 0.423559 0.081472 0.326282 0.9199
14 0.12959 0.847874 0.259181 0.299404 0.919402
14 0.291479 0.461627 0.0747312 0.202744 0.915532
14 0.683129 0.431552 0.0553091 0.233041 0.907168
14 0.545431 0.438475 0.0663237 0.237014 0.897582
1 0.701082 0.483459 0.16263 0.14042 0.89528
6 0.462119 0.451426 0.345997 0.170723 0.886619
14 0.449094 0.473626 0.0613485 0.190925 0.867293
1 0.309111 0.500152 0.165211 0.146996 0.853991
14 0.48465 0.404448 0.0506086 0.142984 0.851859
1 0.470653 0.500055 0.155374 0.128658 0.577081
14 0.320651 0.438006 0.0564258 0.210565 0.575197
14 0.321939 0.392884 0.053826 0.115376 0.492718
