4 0.822514 0.410497 0.117946 0.734488 0.934177
4 0.709371 0.42761 0.117499 0.743995 0.927287
4 0.928484 0.395112 0.111073 0.682129 0.924172
4 0.294528 0.454409 0.159069 0.857034 0.923937
4 0.591862 0.438669 0.138911 0.797981 0.923328
4 0.449065 0.446795 0.162041 0.843142 0.919702
4 0.134009 0.473213 0.175182 0.911044 0.915751
4 0.378253 0.243137 0.0618997 0.425414 0.910653
4 0.522678 0.230621 0.070399 0.388224 0.903477
4 0.222658 0.262399 0.0627639 0.469184 0.80423
4 0.756141 0.201404 0.0429767 0.306146 0.738232
4 0.0585874 0.369751 0.0647842 0.641912 0.713137
4 0.235961 0.259131 0.0889592 0.460233 0.519658
