14 0.35576 0.62367 0.150954 0.748382 0.916491
14 0.249281 0.550999 0.0939847 0.225965 0.914545
14 0.761055 0.693825 0.110233 0.212568 0.901425
14 0.457295 0.628167 0.0551031 0.243971 0.862001
14 0.523239 0.736793 0.123388 0.526414 0.844766
14 0.0922782 0.650714 0.184556 0.572351 0.834482
14 0.919597 0.713659 0.158628 0.269228 0.830372
14 0.732676 0.793753 0.193441 0.41016 0.829427
8 0.0945775 0.803432 0.157747 0.381595 0.805954
14 0.819882 0.684626 0.0581684 0.135426 0.586882
14 0.919399 0.788973 0.15748 0.410669 0.347823
10 0.868158 0.866541 0.254121 0.25703 0.281258
