8 0.104714 0.837068 0.209428 0.32127 0.954457
8 0.503708 0.807673 0.288382 0.381526 0.90646
10 0.456104 0.766269 0.609988 0.460755 0.902056
8 0.553556 0.49499 0.098775 0.134982 0.872125
8 0.175115 0.610868 0.124523 0.313424 0.856146
8 0.674225 0.780448 0.22965 0.409261 0.706349
8 0.78916 0.616092 0.10434 0.294241 0.50916
8 0.342315 0.634489 0.193637 0.303408 0.354859
8 0.765065 0.616183 0.154585 0.294966 0.319728
8 0.463335 0.534724 0.086194 0.143487 0.289828
8 0.457313 0.676742 0.105633 0.435577 0.273548
