8 0.587721 0.526017 0.0683419 0.193723 0.895905
8 0.912879 0.686468 0.165897 0.349674 0.881592
17 0.46593 0.510061 0.152158 0.185306 0.847118
10 0.797869 0.702555 0.395956 0.460272 0.844807
8 0.322352 0.558041 0.0926307 0.171554 0.824094
8 0.766513 0.705232 0.153536 0.392201 0.803983
8 0.227459 0.737772 0.171487 0.350229 0.767809
8 0.673331 0.636827 0.0709112 0.319317 0.683995
8 0.625735 0.600531 0.0679735 0.257573 0.654549
8 0.874467 0.513066 0.0546509 0.0657412 0.600843
8 0.648071 0.597655 0.108589 0.275322 0.541872
8 0.803271 0.484856 0.0456127 0.0567475 0.537976
8 0.466733 0.508712 0.153397 0.185921 0.409452
8 0.84833 0.626572 0.13255 0.383154 0.366074
8 0.123717 0.669378 0.0836021 0.193657 0.361109
8 0.123892 0.535672 0.155233 0.284876 0.335303
8 0.673473 0.554767 0.062963 0.154692 0.254701
