2 0.8363 0.817748 0.0532337 0.0594032 0.975878
2 0.419992 0.694924 0.0304478 0.044737 0.962691
2 0.576323 0.854287 0.0663491 0.0618103 0.929259
2 0.658897 0.818568 0.0511 0.0560951 0.912018
2 0.212699 0.727726 0.0414423 0.0462003 0.909609
2 0.893117 0.727537 0.0374855 0.0434671 0.881638
2 0.292712 0.680264 0.0409038 0.0428628 0.875057
2 0.364644 0.747911 0.0461469 0.0512495 0.871844
2 0.527498 0.234663 0.0798095 0.0796216 0.850817
2 0.628859 0.712127 0.0364347 0.0459637 0.809441
2 0.0646181 0.688906 0.0407411 0.0542483 0.802653
2 0.119426 0.678884 0.0379628 0.0433859 0.749343
2 0.587453 0.703192 0.0345947 0.0436108 0.669286
2 0.658641 0.718367 0.0348702 0.0375726 0.661357
2 0.171716 0.71069 0.0331874 0.0474048 0.634233
2 0.233484 0.650315 0.04644 0.0413222 0.531353
2 0.501255 0.717019 0.0348328 0.038338 0.501746
2 0.304679 0.655235 0.0306915 0.0264691 0.483129
2 0.929604 0.77185 0.0430477 0.0482925 0.445512
2 0.938993 0.772675 0.0584238 0.0489882 0.39698
2 0.564318 0.664281 0.0300005 0.0360765 0.383231
2 0.112187 0.6784 0.0501436 0.0419191 0.376239
2 0.0345288 0.647765 0.0231164 0.034498 0.355208
2 0.954293 0.768004 0.0360043 0.0321081 0.350246
2 0.419151 0.688213 0.0343128 0.0336268 0.348583
2 0.090768 0.658029 0.0379778 0.0400699 0.345469
2 0.414259 0.655881 0.0260267 0.0308126 0.327172
2 0.655159 0.751404 0.0318344 0.0479738 0.321123
2 0.297426 0.663156 0.0434855 0.0355353 0.309137
2 0.346749 0.708833 0.0323518 0.0344086 0.281791
2 0.834926 0.721921 0.0217358 0.0338786 0.264064
2 0.371139 0.675705 0.0371456 0.0443749 0.259811
