12 0.718641 0.731687 0.107171 0.263333 0.935558
12 0.828126 0.714486 0.0950386 0.285932 0.93538
14 0.205765 0.800748 0.0623163 0.16238 0.920595
14 0.0957987 0.810569 0.0618415 0.153609 0.899713
6 0.38746 0.824411 0.276695 0.108252 0.85595
14 0.392832 0.81977 0.0600905 0.114103 0.833124
6 0.707022 0.813391 0.459985 0.117213 0.812375
14 0.714901 0.562323 0.0890244 0.190154 0.800338
14 0.819331 0.581432 0.122698 0.313463 0.776796
6 0.633998 0.816471 0.316133 0.114477 0.671978
6 0.823025 0.786149 0.222234 0.129562 0.468664
