19 0.164601 0.288665 0.145309 0.188268 0.878552
19 0.427796 0.286457 0.150039 0.19786 0.837182
19 0.725662 0.616647 0.153935 0.199582 0.807273
19 0.547166 0.929735 0.156786 0.136653 0.802263
19 0.834439 0.443964 0.154691 0.180025 0.745281
19 0.547009 0.612177 0.147441 0.161334 0.740809
19 0.0409221 0.902285 0.08172 0.0580849 0.735651
19 0.870628 0.258415 0.156902 0.191923 0.732571
19 0.564663 0.476481 0.143951 0.175735 0.732013
19 0.289433 0.308587 0.133404 0.184885 0.730492
19 0.16824 0.469639 0.132416 0.195714 0.729811
19 0.355196 0.906629 0.171829 0.106341 0.723355
19 0.962171 0.798228 0.0712601 0.159601 0.714991
19 0.185777 0.771992 0.189 0.171975 0.713851
19 0.717118 0.270715 0.156487 0.188031 0.709991
19 0.541365 0.771979 0.146692 0.188934 0.701732
19 0.46062 0.926143 0.0313812 0.101173 0.692347
19 0.411002 0.614879 0.142936 0.191054 0.649454
19 0.27747 0.62496 0.12548 0.182724 0.64787
19 0.291418 0.47274 0.142984 0.150511 0.630475
19 0.706542 0.889648 0.131905 0.0839595 0.627798
19 0.16625 0.894106 0.170697 0.0990339 0.600337
19 0.634703 0.627068 0.0515655 0.140969 0.552661
19 0.943176 0.473821 0.11006 0.197588 0.551058
19 0.566951 0.31439 0.148166 0.179955 0.550179
19 0.0558653 0.306203 0.111731 0.218671 0.530382
19 0.138755 0.612821 0.156222 0.183365 0.525897
19 0.977795 0.275807 0.0384079 0.201457 0.517231
19 0.840972 0.770687 0.162174 0.148994 0.4938
19 0.720845 0.948694 0.164344 0.0996862 0.491355
19 0.378249 0.757606 0.155958 0.203362 0.474084
19 0.714131 0.877345 0.131442 0.0591123 0.456582
19 0.979104 0.607124 0.0384277 0.143225 0.451112
19 0.0542176 0.792495 0.108435 0.209931 0.440324
19 0.693455 0.463671 0.149024 0.197641 0.440003
19 0.866297 0.621211 0.150197 0.236204 0.42565
19 0.266364 0.906301 0.0604729 0.0762615 0.386042
19 0.0537144 0.433689 0.107429 0.152897 0.38274
19 0.696416 0.793046 0.142455 0.161754 0.369772
19 0.910561 0.947759 0.171816 0.102063 0.362204
19 0.700194 0.910099 0.134954 0.123385 0.329926
19 0.420801 0.456165 0.15128 0.18116 0.31773
19 0.694524 0.919512 0.117657 0.089887 0.313081
19 0.816452 0.904815 0.0870361 0.13198 0.274459
19 0.976184 0.590497 0.0440407 0.122882 0.266074
19 0.710573 0.894996 0.122944 0.0507542 0.261408
19 0.718226 0.924383 0.168038 0.144541 0.252128
