8 0.227803 0.2767 0.13406 0.222452 0.939112
8 0.733269 0.267513 0.124409 0.21953 0.910151
8 0.788343 0.633035 0.347651 0.583778 0.89861
8 0.228582 0.668385 0.344061 0.608656 0.8698
8 0.728143 0.482442 0.284129 0.514454 0.844594
10 0.502384 0.549869 0.588602 0.774106 0.841421
8 0.0537316 0.160875 0.107386 0.213385 0.837278
8 0.0965499 0.112932 0.0742151 0.176063 0.827749
8 0.157057 0.299673 0.0807767 0.123949 0.632576
10 0.505602 0.173819 0.504653 0.249939 0.571891
8 0.194327 0.384027 0.156004 0.295436 0.414846
8 0.0242775 0.338774 0.0477232 0.277793 0.304347
10 0.509423 0.103289 0.48934 0.206577 0.257775
