4 0.830296 0.810828 0.153016 0.376297 0.9503
4 0.62081 0.813585 0.152186 0.36938 0.935451
4 0.134261 0.794382 0.231241 0.409646 0.935102
4 0.552016 0.819878 0.0952957 0.351908 0.928973
14 0.588693 0.595821 0.394674 0.619275 0.907905
4 0.335646 0.811171 0.145953 0.37614 0.906963
4 0.398121 0.735692 0.0903021 0.520629 0.904775
14 0.159317 0.498792 0.248316 0.417556 0.868442
4 0.0286409 0.696552 0.0572818 0.363282 0.863274
14 0.882196 0.550386 0.231758 0.808528 0.860622
4 0.0297848 0.756455 0.0595697 0.487091 0.701817
4 0.0653561 0.696671 0.0922832 0.290559 0.590447
4 0.0655338 0.768364 0.0954543 0.443698 0.280873
4 0.57172 0.819812 0.0611357 0.355006 0.266675
