12 0.459808 0.593379 0.102979 0.356022 0.968414
12 0.353447 0.551968 0.093161 0.179424 0.940903
14 0.206615 0.47284 0.0727423 0.170449 0.909686
12 0.551905 0.528675 0.133622 0.244218 0.895623
14 0.615101 0.559368 0.0613198 0.222454 0.895241
14 0.816894 0.602786 0.0777459 0.310025 0.894595
14 0.338853 0.475723 0.0602132 0.180621 0.872782
14 0.6571 0.542465 0.049061 0.231412 0.872453
12 0.205198 0.539649 0.0669218 0.182505 0.830569
14 0.014239 0.47472 0.028478 0.0713757 0.497843
14 0.531024 0.432563 0.0321236 0.0845103 0.394305
