8 0.488455 0.42066 0.0538017 0.12452 0.990322
8 0.749895 0.459481 0.0519942 0.0963652 0.961577
8 0.372137 0.381296 0.0494814 0.107657 0.951008
8 0.743864 0.38523 0.0589923 0.104495 0.950077
8 0.609078 0.842287 0.0823546 0.145433 0.921186
8 0.425705 0.913104 0.0741019 0.162246 0.917889
8 0.464911 0.534798 0.0541277 0.134255 0.908753
8 0.679886 0.773764 0.0713462 0.147706 0.904276
8 0.506737 0.906123 0.0734911 0.159334 0.902932
8 0.955472 0.761675 0.0851951 0.168826 0.901077
8 0.741189 0.699272 0.0675638 0.147043 0.898582
8 0.54849 0.702922 0.0659651 0.144396 0.88131
8 0.338953 0.633563 0.0673354 0.143812 0.859748
8 0.718243 0.504713 0.0631285 0.112318 0.801184
8 0.650781 0.500451 0.0564171 0.12436 0.767225
8 0.871609 0.672923 0.0841827 0.148246 0.735875
8 0.826511 0.519058 0.0538135 0.0813756 0.677338
8 0.855765 0.584611 0.0704785 0.142094 0.622577
8 0.311881 0.442331 0.0446992 0.128909 0.555242
8 0.219353 0.764788 0.056516 0.123468 0.459282
8 0.821694 0.908572 0.0679687 0.117252 0.359594
8 0.596891 0.555143 0.0538326 0.0999316 0.319869
10 0.797141 0.592975 0.118068 0.127036 0.253543
