14 0.61317 0.490689 0.0902256 0.20338 0.947597
8 0.723033 0.875464 0.189662 0.244813 0.941395
14 0.732753 0.498133 0.11545 0.182709 0.927573
14 0.524109 0.534467 0.0997979 0.190547 0.920299
14 0.89761 0.67943 0.179921 0.37649 0.919765
3 0.499359 0.496338 0.993124 0.992677 0.907105
14 0.712476 0.769663 0.193896 0.449347 0.891408
14 0.406408 0.682034 0.102379 0.434696 0.891221
14 0.952735 0.443148 0.0889221 0.183525 0.88308
8 0.893744 0.843097 0.187217 0.310429 0.851486
8 0.51834 0.888817 0.196109 0.222144 0.845828
14 0.539514 0.771652 0.17541 0.456696 0.841972
8 0.357238 0.738645 0.110179 0.318781 0.835659
14 0.896182 0.556855 0.134796 0.263657 0.801224
14 0.976309 0.441029 0.0426903 0.157643 0.780017
10 0.642546 0.651013 0.384794 0.197414 0.768535
14 0.652587 0.44313 0.0523664 0.121292 0.741311
10 0.639848 0.775114 0.378157 0.448674 0.282212
