14 0.758051 0.531352 0.348992 0.847305 0.917471
9 0.152085 0.266789 0.183109 0.502184 0.634329
9 0.684256 0.415468 0.627165 0.830935 0.550358
9 0.232799 0.316841 0.167181 0.624566 0.486937
9 0.120235 0.263408 0.122961 0.488679 0.462276
9 0.0344736 0.235435 0.0577667 0.339298 0.418742
9 0.375204 0.373777 0.159731 0.74199 0.375516
9 0.456815 0.422848 0.31929 0.845696 0.375355
9 0.412134 0.4071 0.231083 0.8142 0.332259
9 0.192988 0.274388 0.0982717 0.522709 0.292428
9 0.562389 0.423816 0.533918 0.847632 0.279074
