14 0.928712 0.217534 0.139599 0.431032 0.926938
13 0.567404 0.650998 0.781083 0.692089 0.90401
14 0.789079 0.184658 0.122012 0.366293 0.890937
14 0.491082 0.0975568 0.0872881 0.195114 0.873657
13 0.653074 0.057853 0.0673258 0.106979 0.843575
13 0.0564048 0.340921 0.11281 0.253631 0.827855
13 0.591476 0.049994 0.101532 0.0957976 0.751177
13 0.442351 0.524453 0.674191 0.460963 0.565452
14 0.955705 0.302568 0.0846451 0.592392 0.565391
6 0.870774 0.0226297 0.0975371 0.0452594 0.485157
13 0.360543 0.456294 0.549062 0.520913 0.409742
13 0.611297 0.0525706 0.139494 0.10001 0.382327
13 0.368626 0.368815 0.538917 0.344465 0.283248
