15 0.504529 0.574762 0.0798718 0.112355 0.956084
19 0.310707 0.630836 0.141722 0.175839 0.935684
15 0.872145 0.499972 0.145158 0.251547 0.934674
15 0.831759 0.789617 0.158158 0.271211 0.931489
15 0.690414 0.578872 0.0851517 0.148759 0.931011
15 0.417983 0.56836 0.102974 0.100787 0.922294
15 0.317403 0.493419 0.0769734 0.163244 0.91371
15 0.631525 0.601739 0.0703564 0.0893374 0.910034
15 0.702475 0.919217 0.165799 0.138474 0.898717
15 0.201119 0.410803 0.223714 0.368262 0.889713
15 0.666592 0.823932 0.0929987 0.125676 0.631207
15 0.723376 0.920345 0.105663 0.144013 0.449338
15 0.764345 0.426227 0.180758 0.321626 0.261954
