14 0.0971236 0.39744 0.117252 0.325111 0.918711
14 0.704805 0.49781 0.247449 0.50026 0.912359
14 0.295229 0.649195 0.428998 0.696076 0.903461
14 0.544369 0.518347 0.152076 0.393339 0.876864
10 0.74474 0.853136 0.501528 0.288505 0.861194
15 0.563378 0.279913 0.0404927 0.0680539 0.833019
14 0.507612 0.430398 0.0650209 0.139695 0.693603
14 0.7678 0.405022 0.0392009 0.0527751 0.67917
8 0.916164 0.649756 0.099538 0.186097 0.668918
10 0.473671 0.651467 0.0911769 0.147959 0.611824
14 0.294217 0.416222 0.0512237 0.0711823 0.602005
15 0.166619 0.471299 0.0584206 0.142064 0.423417
15 0.466001 0.281968 0.0812771 0.0697243 0.313526
