8 0.604629 0.331682 0.0965251 0.0792012 0.97467
8 0.584963 0.330996 0.0574672 0.0813995 0.968572
8 0.669485 0.314711 0.0429192 0.0381945 0.953748
8 0.624541 0.332397 0.0574598 0.0771295 0.951772
8 0.40156 0.341364 0.0836382 0.0922057 0.949227
14 0.630871 0.679726 0.731843 0.538092 0.945387
8 0.870671 0.342707 0.136035 0.0891209 0.920969
8 0.768987 0.324601 0.0788496 0.0733171 0.911417
8 0.938968 0.374034 0.116076 0.106078 0.898981
8 0.17052 0.357974 0.0972139 0.11054 0.898524
8 0.703664 0.310034 0.0455462 0.0520476 0.880827
8 0.522702 0.334865 0.0467292 0.0713107 0.693671
8 0.540891 0.700678 0.918219 0.588707 0.670604
8 0.0226303 0.390148 0.0452005 0.0628304 0.62605
17 0.523276 0.675118 0.953449 0.573924 0.607278
8 0.760905 0.314011 0.0665985 0.0510608 0.37779
8 0.665813 0.31054 0.0480507 0.0490636 0.340458
8 0.714177 0.311159 0.0548848 0.0520692 0.330838
8 0.689991 0.310467 0.064491 0.0531732 0.260367
