8 0.463771 0.831339 0.137454 0.333648 0.944977
14 0.627226 0.665236 0.131364 0.417504 0.893095
8 0.756658 0.811244 0.153378 0.369357 0.885567
8 0.304868 0.809604 0.153476 0.365684 0.88181
14 0.697501 0.707241 0.171659 0.460271 0.867553
14 0.516618 0.651032 0.0988315 0.381431 0.85237
14 0.300389 0.686121 0.170653 0.453349 0.787964
14 0.426035 0.65391 0.0916783 0.371363 0.714373
10 0.494258 0.776243 0.378136 0.375764 0.6969
8 0.227593 0.721204 0.0800777 0.298387 0.686833
8 0.25283 0.722597 0.123374 0.297429 0.592323
10 0.378197 0.674798 0.153006 0.1196 0.340827
10 0.388638 0.716404 0.156255 0.206903 0.334576
