6 0.535086 0.649666 0.598904 0.38514 0.922311
14 0.736932 0.374219 0.0647783 0.245306 0.917654
14 0.427145 0.364589 0.0551072 0.290235 0.914122
14 0.526764 0.439317 0.0688871 0.166562 0.902362
14 0.837109 0.37304 0.0433819 0.223808 0.888414
14 0.121231 0.243874 0.0954528 0.34785 0.872631
14 0.199587 0.218161 0.0926197 0.241299 0.872552
14 0.924287 0.379246 0.0335728 0.179893 0.770425
14 0.86755 0.37374 0.0336607 0.212604 0.667437
14 0.886622 0.371543 0.0274143 0.202618 0.443407
14 0.924219 0.353664 0.0327169 0.125279 0.322881
