15 0.330525 0.486893 0.0379495 0.102923 0.938433
15 0.470473 0.602144 0.0531008 0.15988 0.925076
15 0.655663 0.607655 0.0426167 0.0938768 0.918239
17 0.755018 0.827782 0.48316 0.344435 0.899761
15 0.543876 0.3447 0.0446112 0.0610316 0.898543
15 0.373783 0.357843 0.044261 0.103292 0.897185
19 0.115629 0.663842 0.121152 0.17088 0.876933
15 0.618587 0.360725 0.0574265 0.102464 0.872862
15 0.481547 0.346326 0.0550711 0.0561474 0.817161
15 0.039703 0.647251 0.0790254 0.209888 0.810559
15 0.367442 0.494552 0.0327985 0.0921167 0.80882
15 0.673562 0.357778 0.0444332 0.10936 0.806587
15 0.406881 0.367114 0.0369931 0.0885527 0.801948
15 0.336607 0.369746 0.0275523 0.0978896 0.788317
15 0.420455 0.489115 0.0298218 0.0734022 0.77233
15 0.489327 0.447394 0.0349446 0.0796055 0.76756
15 0.41246 0.606997 0.0316819 0.0917374 0.748061
15 0.545423 0.617452 0.0554632 0.106305 0.732947
15 0.606507 0.483779 0.0380499 0.106108 0.732607
15 0.339334 0.604586 0.0430213 0.105735 0.701213
15 0.664521 0.483509 0.0503445 0.105253 0.66669
15 0.652945 0.479897 0.0637313 0.0963321 0.645061
15 0.692758 0.499604 0.035282 0.0816044 0.578999
15 0.550817 0.460062 0.0307034 0.0744276 0.5297
15 0.505254 0.631436 0.0414427 0.0753758 0.527216
15 0.345436 0.624208 0.0305422 0.0660658 0.519494
15 0.518115 0.4515 0.0292517 0.0843891 0.471032
15 0.619832 0.608596 0.0484097 0.0957328 0.443188
15 0.526697 0.449685 0.0383528 0.0813522 0.281693
15 0.367718 0.606064 0.0253113 0.0964906 0.275322
15 0.809316 0.451657 0.0978113 0.120292 0.258944
15 0.609789 0.608603 0.0342031 0.0933394 0.250186
