14 0.609737 0.56215 0.146902 0.638954 0.905146
14 0.489168 0.58426 0.147993 0.61079 0.858679
14 0.334804 0.551366 0.0808878 0.177258 0.844271
14 0.394859 0.559864 0.121174 0.476197 0.82818
14 0.240972 0.601361 0.082935 0.257095 0.828074
14 0.0995705 0.511392 0.0498318 0.171696 0.814557
14 0.823051 0.564912 0.0602947 0.318438 0.788901
6 0.102303 0.56296 0.202032 0.167973 0.742895
15 0.738312 0.591956 0.160328 0.3657 0.740216
14 0.15252 0.501111 0.0595877 0.137302 0.533757
14 0.255845 0.523182 0.115206 0.173686 0.431154
