10 0.686225 0.886113 0.536712 0.225089 0.934148
8 0.417862 0.632162 0.124049 0.185192 0.902301
8 0.385998 0.824728 0.202642 0.350544 0.846407
8 0.120139 0.58004 0.0913875 0.130058 0.843231
8 0.370144 0.869586 0.222853 0.257585 0.841723
8 0.626707 0.935906 0.203854 0.124428 0.798091
8 0.140844 0.713532 0.168941 0.263178 0.7961
8 0.54559 0.713512 0.102257 0.187552 0.769726
8 0.820334 0.708279 0.0956545 0.17134 0.707572
17 0.27174 0.58773 0.290938 0.162911 0.541451
15 0.730459 0.752034 0.118268 0.243968 0.25738
