14 0.0587708 0.371157 0.0744202 0.266317 0.913326
14 0.629299 0.433297 0.125282 0.319026 0.910529
14 0.243978 0.467662 0.119726 0.229021 0.908304
14 0.413473 0.370789 0.076334 0.2665 0.8976
14 0.551788 0.785828 0.423976 0.418474 0.886268
14 0.124751 0.443338 0.0984486 0.413139 0.842058
14 0.578289 0.368782 0.085719 0.308126 0.814711
10 0.806428 0.81336 0.38355 0.368874 0.81237
8 0.11474 0.592706 0.122184 0.248341 0.798144
8 0.752728 0.612733 0.126819 0.1133 0.782935
8 0.325583 0.814152 0.143428 0.358065 0.758824
8 0.178909 0.649793 0.0982077 0.289874 0.750535
8 0.509197 0.868981 0.319551 0.256441 0.707742
8 0.363722 0.428998 0.0512307 0.0880507 0.660342
14 0.904331 0.59943 0.187013 0.287109 0.624836
8 0.263027 0.713369 0.144999 0.313818 0.613052
14 0.573043 0.356674 0.0640963 0.286427 0.570638
8 0.397385 0.475362 0.0593778 0.0450555 0.549611
10 0.425507 0.567003 0.332296 0.225314 0.473056
8 0.309834 0.416242 0.0441948 0.0661049 0.414197
14 0.841663 0.722223 0.311029 0.542183 0.330822
8 0.75217 0.803725 0.144868 0.380241 0.330705
8 0.258537 0.702189 0.105934 0.279097 0.317477
8 0.537765 0.530394 0.097523 0.063507 0.263719
