14 0.679049 0.552117 0.128371 0.345714 0.92591
14 0.905457 0.731237 0.184901 0.336339 0.921808
14 0.703519 0.699142 0.117449 0.163348 0.919157
14 0.225277 0.461342 0.0719312 0.139992 0.907368
14 0.398061 0.727744 0.177571 0.53899 0.907233
14 0.187546 0.660377 0.183974 0.678558 0.904565
14 0.56933 0.597474 0.113701 0.195693 0.896231
14 0.821603 0.667231 0.100399 0.257837 0.860854
14 0.571202 0.626108 0.0806536 0.13804 0.852524
10 0.724417 0.843093 0.543892 0.313815 0.836385
14 0.0487236 0.533162 0.0837436 0.115091 0.799369
14 0.462768 0.565376 0.0677595 0.134158 0.78446
14 0.498989 0.58384 0.0695456 0.152144 0.679313
14 0.444608 0.545967 0.0401863 0.0936324 0.54296
10 0.325927 0.865288 0.651854 0.266135 0.383545
10 0.0635457 0.656134 0.127091 0.150847 0.306281
