8 0.565718 0.772498 0.123133 0.327613 0.896439
10 0.5085 0.772938 0.376144 0.30906 0.887662
8 0.661358 0.74918 0.129532 0.346028 0.876155
8 0.44532 0.780403 0.123814 0.340961 0.831681
8 0.560186 0.589329 0.0854011 0.052674 0.831162
8 0.281586 0.672759 0.0662103 0.245192 0.819632
8 0.353811 0.748227 0.118086 0.344601 0.795045
8 0.472311 0.590952 0.0848022 0.0546922 0.78872
8 0.867116 0.688189 0.103391 0.281411 0.609828
10 0.859824 0.656042 0.120959 0.271191 0.497247
8 0.832011 0.656648 0.0962807 0.239793 0.261256
