14 0.61762 0.486182 0.109561 0.362002 0.914163
14 0.936508 0.660318 0.12409 0.451995 0.912314
14 0.362625 0.716658 0.21159 0.557142 0.897248
8 0.184594 0.662891 0.289579 0.229028 0.891864
14 0.814942 0.475386 0.115884 0.332484 0.881193
14 0.235358 0.480682 0.163807 0.38384 0.863254
14 0.395566 0.465992 0.149494 0.374997 0.858433
14 0.0586726 0.402796 0.117345 0.312378 0.850382
14 0.683414 0.502836 0.0835922 0.306929 0.771086
14 0.818363 0.544952 0.120767 0.47406 0.759882
14 0.545449 0.687803 0.16945 0.527315 0.735548
8 0.77207 0.755444 0.216266 0.413616 0.698545
14 0.619569 0.576741 0.111379 0.523035 0.648275
14 0.684741 0.587144 0.0820748 0.484793 0.532559
14 0.356069 0.578991 0.203439 0.285792 0.369552
