4 0.158912 0.171217 0.317823 0.342435 0.95357
4 0.37608 0.198236 0.419096 0.394959 0.952515
4 0.537793 0.737285 0.439661 0.393559 0.945717
4 0.790243 0.409292 0.414193 0.365113 0.944105
4 0.464733 0.425025 0.438086 0.409053 0.938214
4 0.699493 0.149289 0.433852 0.296957 0.935059
4 0.219314 0.776952 0.356341 0.443469 0.932908
4 0.908787 0.898704 0.176988 0.198316 0.925592
4 0.0953537 0.794916 0.189621 0.381191 0.885797
4 0.680294 0.929652 0.318496 0.135736 0.874589
4 0.818742 0.700841 0.355229 0.390655 0.873203
4 0.0685647 0.446454 0.137129 0.302275 0.745479
4 0.38989 0.955931 0.298575 0.0849861 0.551367
4 0.883628 0.136967 0.226643 0.273934 0.292011
