14 0.790351 0.574277 0.418432 0.851446 0.923202
14 0.108783 0.457842 0.217369 0.485628 0.88926
4 0.291741 0.609123 0.0642958 0.198574 0.886225
4 0.47057 0.669884 0.0782267 0.358292 0.884422
14 0.805288 0.172189 0.286886 0.344378 0.879673
4 0.092886 0.802641 0.124223 0.394719 0.87232
14 0.660781 0.395834 0.341947 0.502233 0.866917
4 0.432381 0.568276 0.049114 0.291489 0.857037
10 0.433971 0.729547 0.867943 0.539998 0.825062
14 0.867686 0.0933623 0.161037 0.18491 0.590103
14 0.866421 0.156526 0.162571 0.313053 0.308381
