6 0.871511 0.598832 0.253243 0.288125 0.968742
5 0.416044 0.115298 0.268234 0.229473 0.957577
14 0.170648 0.765214 0.140468 0.285726 0.904651
6 0.843755 0.862712 0.306551 0.26867 0.858742
14 0.521208 0.521083 0.104378 0.23317 0.814255
14 0.298357 0.491008 0.10146 0.219529 0.810302
6 0.0423607 0.397997 0.0846491 0.183577 0.785948
13 0.163167 0.854956 0.136869 0.244756 0.721052
6 0.148391 0.307481 0.195622 0.203162 0.717527
6 0.600181 0.327416 0.172179 0.203864 0.67015
6 0.326481 0.398302 0.203195 0.218803 0.622706
6 0.910244 0.37255 0.177081 0.17601 0.557422
6 0.890821 0.295894 0.187669 0.216582 0.48849
13 0.5288 0.586295 0.119973 0.188043 0.481956
6 0.386032 0.290781 0.170792 0.232098 0.423502
6 0.932398 0.411713 0.132641 0.117218 0.385186
6 0.601861 0.0917105 0.106785 0.122722 0.376227
6 0.821972 0.0986502 0.141926 0.19717 0.311281
6 0.97492 0.124869 0.049609 0.173016 0.25705
13 0.292892 0.561748 0.104419 0.168633 0.252974
