14 0.544403 0.435597 0.0652222 0.22974 0.978602
14 0.917423 0.42377 0.0821854 0.325767 0.935936
14 0.128795 0.848708 0.255764 0.301608 0.901233
14 0.287554 0.460371 0.0648727 0.20361 0.849025
1 0.701311 0.48232 0.163271 0.138586 0.846653
1 0.308646 0.503928 0.164779 0.137358 0.814415
14 0.319512 0.444706 0.0599981 0.222646 0.796277
14 0.686075 0.432875 0.0553022 0.241313 0.78695
6 0.48396 0.460191 0.298679 0.170387 0.595169
14 0.454779 0.470868 0.055391 0.191233 0.557989
1 0.471719 0.503729 0.150988 0.13243 0.399574
