4 0.787071 0.109055 0.0691572 0.218109 0.930506
4 0.65553 0.102787 0.0688385 0.205129 0.922034
4 0.722775 0.109378 0.0644119 0.213309 0.902012
4 0.606302 0.103565 0.0607805 0.207129 0.886588
14 0.194894 0.0737677 0.081581 0.147535 0.715816
4 0.852568 0.106314 0.0646507 0.212627 0.70689
4 0.560284 0.100157 0.0392422 0.197609 0.650581
4 0.923987 0.111792 0.0750031 0.223583 0.595589
4 0.52892 0.101221 0.0360068 0.189809 0.53531
4 0.974995 0.11218 0.0483467 0.224359 0.377904
10 0.496771 0.64843 0.993541 0.702655 0.335945
