2 0.707161 0.68368 0.077819 0.191906 0.962928
2 0.870187 0.183443 0.157284 0.140528 0.946746
2 0.433724 0.52475 0.145165 0.122956 0.944362
2 0.169026 0.517111 0.148001 0.138592 0.925229
2 0.379063 0.375779 0.197557 0.107209 0.920281
2 0.366913 0.694148 0.191629 0.143746 0.913534
2 0.234459 0.300247 0.165304 0.114016 0.907399
2 0.549834 0.0925277 0.0978785 0.110128 0.870542
2 0.0483238 0.703824 0.0966476 0.140629 0.861841
2 0.520895 0.858328 0.158231 0.216555 0.857478
2 0.0363033 0.350535 0.0726066 0.141722 0.843854
2 0.778663 0.438637 0.0718776 0.106978 0.734631
2 0.940553 0.628363 0.115586 0.0843867 0.327246
