14 0.594574 0.884991 0.0614726 0.208942 0.926698
14 0.677019 0.881712 0.0452297 0.232892 0.910021
3 0.069472 0.450267 0.123741 0.1183 0.8719
3 0.480918 0.500838 0.7892 0.998306 0.863883
14 0.797136 0.954662 0.0437095 0.0893801 0.80358
3 0.795375 0.442674 0.0884462 0.0782128 0.784741
14 0.860404 0.960665 0.0586533 0.077665 0.753576
3 0.311973 0.500395 0.452425 0.995219 0.550306
14 0.74578 0.953444 0.0364312 0.0915937 0.457691
3 0.673651 0.422708 0.043032 0.0730091 0.39115
3 0.570337 0.44362 0.0618364 0.0479925 0.376943
