1 0.430559 0.568571 0.209978 0.378698 0.988737
14 0.8129 0.594759 0.0916691 0.721013 0.955391
14 0.141709 0.345976 0.117305 0.655266 0.940719
1 0.798027 0.745305 0.103604 0.45728 0.935039
14 0.453464 0.454147 0.129364 0.659777 0.922457
14 0.217476 0.40421 0.100504 0.766082 0.90083
14 0.889229 0.663766 0.0951406 0.667067 0.895421
1 0.608008 0.663831 0.107986 0.462303 0.894873
1 0.149309 0.565021 0.0876153 0.441046 0.886712
14 0.894507 0.129137 0.0628445 0.25099 0.874276
14 0.635979 0.545456 0.121033 0.725253 0.868343
14 0.683943 0.552732 0.0937918 0.713803 0.835196
