4 0.102633 0.440365 0.205266 0.880729 0.999473
4 0.80563 0.709408 0.130609 0.579647 0.998161
4 0.468304 0.478781 0.285533 0.957562 0.99668
4 0.248498 0.414584 0.112958 0.489466 0.992133
4 0.048558 0.781221 0.0971159 0.435305 0.93406
4 0.57766 0.378589 0.1315 0.754451 0.763526
4 0.978661 0.512115 0.03862 0.565362 0.687684
4 0.719656 0.323223 0.109603 0.60713 0.503998
4 0.701898 0.335839 0.0963469 0.647263 0.460697
4 0.143574 0.451732 0.114754 0.716265 0.420563
4 0.506637 0.386941 0.276225 0.773882 0.271031
4 0.851191 0.697275 0.283188 0.603812 0.258308
