8 0.829685 0.688381 0.0961857 0.22436 0.958879
8 0.651624 0.867404 0.13564 0.262702 0.917116
14 0.49094 0.588426 0.0925669 0.334899 0.897726
8 0.143239 0.873667 0.150925 0.247136 0.841863
14 0.160848 0.587847 0.0966792 0.35061 0.826069
14 0.40987 0.599148 0.0767943 0.366665 0.818858
14 0.0833887 0.623929 0.0816612 0.430639 0.782772
14 0.59307 0.581674 0.102756 0.331704 0.780446
8 0.497079 0.918215 0.177189 0.161876 0.778581
14 0.699878 0.578565 0.107679 0.338837 0.746098
8 0.0770693 0.917858 0.154075 0.16248 0.737055
14 0.855841 0.485616 0.0974346 0.179918 0.702657
8 0.316133 0.876145 0.165025 0.247711 0.700778
14 0.742113 0.905891 0.173694 0.186046 0.600767
8 0.275241 0.919023 0.169062 0.160312 0.572833
14 0.24912 0.5827 0.0987631 0.351458 0.560489
14 0.248715 0.49771 0.0972653 0.182256 0.540865
8 0.870607 0.910702 0.164572 0.176224 0.524953
8 0.305682 0.914102 0.185244 0.171797 0.440333
8 0.498786 0.7929 0.144699 0.103777 0.356287
8 0.491711 0.869453 0.166177 0.25747 0.311721
14 0.160207 0.504567 0.0955981 0.183758 0.261987
