8 0.441098 0.866972 0.148069 0.259179 0.924153
14 0.357076 0.62197 0.152895 0.743372 0.889842
14 0.733495 0.789252 0.183289 0.400816 0.815174
14 0.51891 0.734783 0.136395 0.518958 0.780639
8 0.0906002 0.81282 0.1702 0.364643 0.731171
14 0.248147 0.541033 0.0947039 0.20393 0.717634
8 0.696193 0.900185 0.136188 0.196226 0.707082
14 0.819215 0.67572 0.0567224 0.120348 0.692659
14 0.760986 0.701011 0.108649 0.223756 0.660474
14 0.456146 0.627037 0.054508 0.238995 0.657398
14 0.920037 0.784362 0.15603 0.415997 0.606235
14 0.0920819 0.543206 0.184164 0.359549 0.451704
14 0.708789 0.777751 0.132565 0.381428 0.357581
14 0.0917002 0.65168 0.1834 0.580028 0.341915
14 0.921085 0.712497 0.156528 0.272979 0.336786
8 0.171773 0.869661 0.0797751 0.250225 0.302895
8 0.725883 0.898966 0.195549 0.19928 0.258718
