14 0.412373 0.455369 0.0695318 0.375089 0.904637
14 0.121445 0.557953 0.0859805 0.379403 0.834186
14 0.742165 0.549797 0.078557 0.342346 0.766308
14 0.304034 0.625278 0.1893 0.286958 0.743289
14 0.656608 0.447567 0.0504768 0.371704 0.724247
14 0.220538 0.472446 0.0804715 0.398279 0.697036
14 0.16765 0.464952 0.0573734 0.420505 0.671053
14 0.307319 0.517538 0.108099 0.311995 0.599291
14 0.800743 0.452251 0.0827781 0.39773 0.548963
14 0.353712 0.474183 0.0565572 0.361965 0.523123
14 0.598035 0.352997 0.0526938 0.224582 0.503531
14 0.600764 0.505179 0.0745518 0.258002 0.476392
14 0.476264 0.520343 0.0419272 0.257735 0.385978
14 0.621655 0.626682 0.175606 0.265133 0.303598
14 0.340448 0.492856 0.0585888 0.359206 0.294242
14 0.739318 0.362338 0.0624628 0.234241 0.288326
