4 0.340914 0.591786 0.0487285 0.116818 0.875142
14 0.710649 0.687487 0.359523 0.616309 0.871106
4 0.45731 0.59174 0.054549 0.186642 0.862999
8 0.131653 0.871032 0.263132 0.255238 0.856351
14 0.131285 0.371422 0.210012 0.327304 0.690185
4 0.298448 0.566941 0.060314 0.157592 0.614351
14 0.108362 0.600097 0.20329 0.36732 0.567074
14 0.576266 0.514517 0.122424 0.259827 0.562168
14 0.385525 0.488049 0.156175 0.196919 0.557117
14 0.635798 0.359409 0.160513 0.239013 0.513688
14 0.2664 0.526239 0.124066 0.24513 0.475341
14 0.512309 0.505221 0.0897613 0.19261 0.451597
4 0.389637 0.638434 0.0423222 0.126778 0.443581
14 0.340114 0.382045 0.181379 0.211031 0.436355
4 0.334589 0.71447 0.0346979 0.150803 0.416183
8 0.856631 0.808687 0.160138 0.37881 0.415816
14 0.419993 0.37358 0.123874 0.281336 0.397344
14 0.630142 0.568538 0.176024 0.292622 0.384505
8 0.941151 0.765602 0.114048 0.465617 0.320823
14 0.105277 0.70245 0.210553 0.563477 0.309426
8 0.821197 0.808165 0.218369 0.380284 0.259589
