8 0.957168 0.763311 0.0843706 0.164301 0.97142
8 0.679982 0.772453 0.072164 0.143515 0.852297
8 0.865066 0.629932 0.0854531 0.218643 0.844179
8 0.506676 0.910811 0.073468 0.169156 0.830925
8 0.65048 0.501486 0.0592325 0.123322 0.796624
8 0.609556 0.840988 0.0853352 0.140807 0.788761
8 0.42467 0.91477 0.076134 0.165861 0.771653
8 0.738595 0.700114 0.07036 0.146116 0.710249
8 0.715574 0.506947 0.0599573 0.112013 0.690627
8 0.549828 0.703176 0.0646267 0.140609 0.688546
8 0.486876 0.419601 0.0493282 0.124865 0.683191
8 0.337018 0.636594 0.0676281 0.145903 0.642534
8 0.372211 0.38152 0.0463931 0.107175 0.599127
8 0.743337 0.384657 0.0566154 0.0975957 0.380231
8 0.749755 0.458654 0.0486379 0.0996648 0.37201
8 0.823945 0.906976 0.0686508 0.116238 0.327272
8 0.410909 0.766663 0.0575202 0.129565 0.296706
8 0.219193 0.768324 0.0574355 0.125071 0.273699
8 0.826468 0.518447 0.050231 0.0812783 0.253867
