3 0.847962 0.619259 0.244691 0.666806 0.97678
3 0.190072 0.536804 0.301816 0.55561 0.905414
3 0.608903 0.583232 0.279594 0.606826 0.841428
3 0.0386041 0.469932 0.0772082 0.217219 0.810607
3 0.622215 0.210979 0.322148 0.113977 0.809636
3 0.623302 0.2847 0.323405 0.254443 0.79828
3 0.869515 0.478629 0.24643 0.432116 0.718628
14 0.775346 0.595619 0.0856081 0.175403 0.710124
3 0.183385 0.429618 0.316453 0.769339 0.690612
3 0.859634 0.503521 0.268958 0.753352 0.672666
14 0.900445 0.472267 0.0630981 0.125208 0.602771
3 0.952611 0.460836 0.0909351 0.456299 0.536387
3 0.95866 0.344821 0.0809952 0.213411 0.460205
3 0.624729 0.482808 0.325959 0.659645 0.428205
3 0.932156 0.45699 0.131711 0.491893 0.300528
3 0.623742 0.244085 0.3266 0.176686 0.28815
14 0.727309 0.178028 0.0378983 0.103306 0.281456
3 0.720433 0.489508 0.509024 0.813052 0.274182
14 0.753076 0.525021 0.0579153 0.141321 0.256399
