4 0.621138 0.813744 0.148448 0.368518 0.975506
4 0.135116 0.799943 0.228189 0.399032 0.972496
4 0.833055 0.80792 0.145065 0.380456 0.941044
14 0.595874 0.592485 0.384818 0.618786 0.900236
4 0.028912 0.662746 0.057824 0.293264 0.882486
14 0.160843 0.500872 0.250207 0.423877 0.862838
4 0.334699 0.810629 0.147174 0.375182 0.834654
14 0.883277 0.545203 0.22984 0.810223 0.824764
4 0.0627172 0.693914 0.0862545 0.278783 0.639633
4 0.397572 0.736358 0.0828547 0.524458 0.585263
4 0.553531 0.812009 0.0874942 0.374155 0.403857
4 0.836467 0.757507 0.0976582 0.278325 0.358723
