15 0.206317 0.411154 0.237188 0.367819 0.889818
15 0.635349 0.60059 0.0735514 0.0912035 0.88466
15 0.505463 0.569606 0.0788492 0.118458 0.755232
15 0.418932 0.565494 0.104084 0.113504 0.734578
15 0.851108 0.775979 0.196762 0.292113 0.691501
15 0.870361 0.492293 0.150948 0.26567 0.669796
15 0.683787 0.570136 0.0845574 0.14435 0.661178
15 0.723971 0.920797 0.0999235 0.139198 0.536876
15 0.661562 0.570452 0.0379294 0.0732147 0.535875
15 0.41801 0.513297 0.110112 0.24374 0.43792
15 0.809555 0.44172 0.268551 0.349619 0.358191
15 0.665485 0.826129 0.090543 0.123491 0.308601
15 0.765733 0.427395 0.182151 0.321103 0.279133
15 0.321215 0.492901 0.0846931 0.168005 0.275259
