8 0.666402 0.938551 0.194447 0.120875 0.750779
8 0.800742 0.963558 0.081829 0.0713022 0.712821
8 0.845492 0.92159 0.0597086 0.155228 0.699799
14 0.949736 0.881803 0.0990006 0.236394 0.637019
8 0.167345 0.948102 0.136452 0.102512 0.602555
8 0.925239 0.938182 0.141961 0.121659 0.505976
8 0.613968 0.886136 0.120491 0.103252 0.413051
8 0.452461 0.934217 0.142358 0.129721 0.410849
8 0.767648 0.860131 0.115357 0.108496 0.390707
8 0.233433 0.925728 0.0605298 0.146895 0.386058
8 0.596018 0.850688 0.0565731 0.0885279 0.368402
8 0.378243 0.915261 0.0629548 0.167536 0.299443
8 0.693796 0.939167 0.136904 0.120248 0.294129
8 0.460848 0.951644 0.123205 0.0951902 0.264697
8 0.717721 0.938723 0.197692 0.120944 0.251863
