11 0.442417 0.791553 0.174485 0.284659 0.955623
11 0.55277 0.702299 0.119559 0.464121 0.951299
11 0.701987 0.808749 0.184118 0.31018 0.937195
14 0.775177 0.539832 0.225794 0.694921 0.930679
11 0.0915169 0.850416 0.183034 0.294643 0.897969
11 0.266812 0.796943 0.185215 0.268304 0.888586
14 0.485207 0.527946 0.255686 0.720386 0.882929
14 0.24339 0.467824 0.266088 0.666938 0.859341
14 0.644411 0.323199 0.0690851 0.0971784 0.762972
14 0.540345 0.254832 0.108195 0.251931 0.679158
14 0.598125 0.297671 0.0548216 0.14567 0.656223
11 0.488878 0.702548 0.257922 0.464789 0.316374
11 0.644621 0.685032 0.346745 0.532792 0.263936
