16 0.172922 0.706635 0.33269 0.579481 0.983576
16 0.470797 0.587645 0.274404 0.590579 0.97824
16 0.506976 0.174674 0.250211 0.329857 0.966514
16 0.732931 0.630706 0.278769 0.52985 0.951925
16 0.0642944 0.150738 0.128589 0.299612 0.906495
16 0.77164 0.438457 0.379034 0.642836 0.80078
16 0.401782 0.422634 0.223806 0.489309 0.759413
16 0.789073 0.268819 0.403702 0.304045 0.623123
16 0.855678 0.271647 0.272163 0.279509 0.400774
16 0.0446269 0.421014 0.0892151 0.271873 0.378562
16 0.530661 0.0338169 0.137829 0.0676339 0.288526
