8 0.461505 0.830464 0.146182 0.334202 0.964582
8 0.305446 0.805259 0.157747 0.367052 0.9222
14 0.685446 0.70204 0.199435 0.457982 0.866588
14 0.635209 0.664269 0.113642 0.428687 0.819163
14 0.518381 0.544026 0.0975871 0.168778 0.804452
14 0.425405 0.547306 0.0872205 0.161898 0.787379
8 0.753754 0.809819 0.148344 0.36985 0.769469
8 0.223636 0.72017 0.0708668 0.295436 0.704705
14 0.30771 0.670471 0.155322 0.420398 0.632694
14 0.589453 0.91941 0.0935198 0.102745 0.263782
14 0.425586 0.646399 0.0875072 0.359809 0.262389
14 0.517393 0.662874 0.0971741 0.402446 0.254978
