15 0.862913 0.93185 0.112724 0.102693 0.918544
4 0.626433 0.39811 0.0413551 0.107574 0.846969
15 0.882075 0.457321 0.144005 0.127222 0.844223
15 0.757266 0.939201 0.120817 0.112342 0.842432
4 0.384 0.538179 0.0423041 0.103445 0.814757
4 0.587355 0.397983 0.0436648 0.109937 0.756218
4 0.38485 0.410269 0.0479651 0.0931344 0.73143
4 0.425019 0.537476 0.0394877 0.104475 0.557858
4 0.241943 0.54079 0.0410559 0.106934 0.487708
4 0.436496 0.393037 0.0549593 0.123989 0.483185
4 0.480297 0.404024 0.0434261 0.10011 0.466241
4 0.317827 0.546342 0.0474165 0.0967 0.436949
4 0.191705 0.553591 0.0444052 0.0827189 0.43559
15 0.953154 0.890959 0.0924923 0.133004 0.427314
4 0.111586 0.546967 0.0396921 0.0989374 0.373089
4 0.0766961 0.54654 0.0387243 0.0949354 0.332037
4 0.275966 0.539187 0.0411567 0.107807 0.300823
15 0.965482 0.892355 0.0679835 0.123804 0.280437
