14 0.747166 0.466012 0.501258 0.646336 0.908137
14 0.666845 0.202604 0.126373 0.309417 0.873841
14 0.223822 0.67941 0.44664 0.633473 0.861195
4 0.579756 0.119584 0.127709 0.239168 0.858412
8 0.397836 0.462869 0.220512 0.382536 0.688831
4 0.572456 0.212157 0.135999 0.421173 0.626349
14 0.936792 0.26952 0.122298 0.390353 0.612863
14 0.176398 0.419209 0.243819 0.474123 0.545387
10 0.333555 0.462543 0.340228 0.400936 0.443236
14 0.938547 0.16685 0.121034 0.182652 0.426516
8 0.457114 0.439814 0.0987838 0.326787 0.334027
14 0.144702 0.313513 0.177337 0.264235 0.257699
