6 0.0839257 0.669239 0.0664433 0.0504753 0.953916
14 0.551129 0.680177 0.0542106 0.188778 0.901618
6 0.0278966 0.671816 0.0544411 0.0495372 0.868579
14 0.499077 0.677486 0.0488752 0.202157 0.844913
6 0.657128 0.664035 0.177477 0.166376 0.820738
14 0.378342 0.694048 0.0458159 0.19119 0.805671
6 0.85319 0.676871 0.289482 0.237121 0.805237
6 0.707936 0.661253 0.0736382 0.162924 0.688478
14 0.346466 0.680156 0.0373913 0.164194 0.669194
6 0.613513 0.643207 0.0863849 0.0728701 0.469384
6 0.478441 0.656473 0.153151 0.133682 0.467273
6 0.63835 0.675968 0.139393 0.142543 0.455248
6 0.92049 0.680157 0.155668 0.246137 0.310228
6 0.925672 0.74095 0.148214 0.157095 0.276368
6 0.449606 0.657103 0.0978407 0.134248 0.259504
