3 0.813203 0.695841 0.262877 0.115879 0.695964
3 0.684741 0.454356 0.146775 0.0721877 0.606811
3 0.892953 0.197665 0.0882725 0.201036 0.536637
3 0.700101 0.660323 0.302736 0.0893269 0.482712
3 0.680582 0.540548 0.17641 0.239049 0.468011
3 0.156962 0.757817 0.312734 0.198199 0.446649
3 0.511081 0.819774 0.731562 0.24788 0.410102
3 0.397182 0.29236 0.0682307 0.100874 0.401809
3 0.0916133 0.312132 0.0470078 0.0738342 0.399991
3 0.71387 0.278395 0.0527481 0.0407148 0.36269
3 0.160113 0.325075 0.0568879 0.0438891 0.355296
3 0.683909 0.429864 0.146201 0.118018 0.319841
3 0.0623963 0.770147 0.124744 0.21671 0.275242
3 0.450454 0.33755 0.0784619 0.0455358 0.263328
3 0.746513 0.689306 0.393855 0.131189 0.255049
