14 0.598706 0.51096 0.0682474 0.258683 0.713231
14 0.414622 0.45898 0.0688921 0.382213 0.701039
14 0.654552 0.445095 0.0545261 0.377616 0.695306
14 0.118949 0.557425 0.0715774 0.377616 0.6507
14 0.740182 0.550126 0.0747246 0.332493 0.624015
14 0.16794 0.466021 0.0563452 0.423738 0.617246
14 0.799631 0.446774 0.0801787 0.401646 0.598112
14 0.35344 0.472429 0.057172 0.357698 0.551863
14 0.599788 0.350286 0.052216 0.217225 0.543981
14 0.737599 0.354114 0.0589601 0.214153 0.508645
14 0.170092 0.402008 0.0611449 0.291339 0.45994
14 0.525375 0.448875 0.0570929 0.362375 0.420507
14 0.47562 0.520787 0.0454616 0.25638 0.370588
14 0.222815 0.475265 0.075004 0.400966 0.323701
14 0.29783 0.614796 0.0812119 0.254108 0.308314
14 0.292957 0.519072 0.0793922 0.284045 0.304488
14 0.794174 0.374042 0.0642801 0.238114 0.264401
14 0.473287 0.462476 0.0569027 0.385168 0.255487
