4 0.553426 0.692882 0.0437797 0.185185 0.848454
14 0.308832 0.505595 0.268247 0.397832 0.846455
14 0.59607 0.505912 0.2121 0.377066 0.812686
14 0.770697 0.700191 0.405112 0.588862 0.750768
4 0.0569662 0.906387 0.0633336 0.185213 0.715921
4 0.329288 0.702707 0.0656514 0.29751 0.682031
10 0.370657 0.860383 0.674419 0.277916 0.67946
4 0.33447 0.606863 0.0454149 0.145215 0.560789
14 0.853812 0.880408 0.292376 0.238507 0.546964
10 0.361975 0.793294 0.682914 0.412547 0.44909
10 0.803274 0.517028 0.393452 0.405481 0.319384
4 0.233733 0.954944 0.0492957 0.0899404 0.305313
