14 0.442837 0.704541 0.0729338 0.131922 0.726778
18 0.601292 0.485306 0.79488 0.653704 0.67987
14 0.357708 0.720651 0.0774859 0.147432 0.661346
14 0.0683125 0.699772 0.0554996 0.122952 0.635823
14 0.702683 0.714339 0.0566159 0.142241 0.449586
14 0.211923 0.699175 0.0656826 0.140408 0.436774
14 0.127019 0.644658 0.0438306 0.057926 0.396247
14 0.497855 0.714244 0.0721034 0.130499 0.384969
14 0.114002 0.691299 0.0665793 0.119483 0.373593
14 0.168973 0.705121 0.0961515 0.142962 0.37146
14 0.604028 0.706661 0.0646401 0.138952 0.360867
