4 0.871093 0.407248 0.125529 0.588187 0.978182
4 0.638605 0.391334 0.143527 0.552866 0.969071
4 0.760881 0.388797 0.111276 0.531201 0.937715
4 0.403738 0.448517 0.141303 0.578896 0.928916
4 0.520101 0.413898 0.128202 0.548262 0.908464
4 0.10818 0.654497 0.215159 0.663196 0.844159
4 0.223189 0.583188 0.203543 0.657328 0.72978
4 0.297013 0.536316 0.17824 0.68166 0.725005
4 0.783136 0.0438215 0.0989675 0.0876429 0.577332
4 0.259784 0.550487 0.280684 0.700757 0.498848
4 0.220094 0.451792 0.203524 0.903585 0.472751
4 0.584858 0.405478 0.260125 0.556829 0.403325
4 0.536639 0.0536974 0.197343 0.107395 0.278883
