8 0.80965 0.545381 0.330886 0.870877 0.571569
10 0.827817 0.559475 0.344366 0.871492 0.566523
8 0.185863 0.537437 0.348824 0.836826 0.517288
8 0.489023 0.500473 0.267564 0.948043 0.47473
10 0.556503 0.27021 0.68481 0.540419 0.4466
10 0.290634 0.271118 0.560043 0.542236 0.355937
10 0.453513 0.229289 0.738411 0.458578 0.349985
10 0.325815 0.188944 0.550872 0.377887 0.349236
8 0.239186 0.301568 0.192706 0.359878 0.34876
10 0.413463 0.186985 0.502 0.37397 0.312693
8 0.234224 0.526173 0.231349 0.806363 0.303959
