14 0.259644 0.399223 0.200688 0.444043 0.821219
14 0.464889 0.318808 0.150912 0.317824 0.746748
14 0.120612 0.520983 0.235226 0.443316 0.706325
10 0.305665 0.791537 0.591191 0.408934 0.661017
14 0.614037 0.651157 0.404485 0.695613 0.656136
14 0.6243 0.245107 0.12091 0.159738 0.645819
10 0.258512 0.871425 0.517024 0.256963 0.580224
14 0.812432 0.446379 0.162325 0.54807 0.410373
14 0.489327 0.65339 0.65381 0.691082 0.37277
14 0.814901 0.565124 0.161609 0.820725 0.330717
14 0.0353181 0.777484 0.0706362 0.445031 0.300072
