2 0.37576 0.37869 0.190362 0.104214 0.943488
2 0.172577 0.518051 0.141266 0.136374 0.939415
2 0.230316 0.304742 0.151409 0.112047 0.937434
2 0.369929 0.69994 0.182502 0.149485 0.924596
2 0.550607 0.0928712 0.0964281 0.108875 0.91169
2 0.436087 0.524312 0.146056 0.12351 0.895438
2 0.0486178 0.701237 0.0972356 0.15478 0.886441
2 0.52145 0.859562 0.154074 0.219392 0.877318
2 0.871036 0.186112 0.161045 0.138538 0.871585
2 0.778132 0.444399 0.0721829 0.117726 0.681845
2 0.039181 0.34864 0.0783619 0.156246 0.64984
2 0.436025 0.346594 0.0833892 0.0530478 0.531634
2 0.726982 0.695652 0.120785 0.207928 0.349195
