8 0.833393 0.686557 0.099522 0.224015 0.673616
14 0.0902352 0.625932 0.093399 0.425803 0.669042
14 0.493748 0.582328 0.104011 0.324696 0.667426
14 0.838898 0.486477 0.0617233 0.181576 0.655553
10 0.929788 0.618589 0.139772 0.320716 0.653696
14 0.158615 0.583704 0.0881077 0.341847 0.615684
8 0.646685 0.867411 0.166414 0.264849 0.579415
14 0.410824 0.596806 0.0779417 0.368918 0.577614
14 0.731617 0.906815 0.205965 0.185131 0.568534
14 0.592838 0.579471 0.102311 0.326181 0.549687
10 0.627789 0.759567 0.476643 0.460163 0.529726
10 0.679602 0.647538 0.37515 0.241219 0.502336
8 0.153247 0.874605 0.152908 0.24931 0.485608
14 0.697295 0.572786 0.105067 0.329573 0.484445
10 0.25332 0.785338 0.365887 0.421164 0.443927
8 0.291619 0.875055 0.20674 0.245855 0.417956
14 0.249633 0.586026 0.100589 0.359277 0.409008
8 0.871191 0.910446 0.163242 0.179107 0.400134
8 0.50057 0.919348 0.171203 0.161304 0.364977
10 0.274691 0.706637 0.322979 0.270364 0.353021
14 0.248952 0.499882 0.100712 0.184664 0.318151
10 0.544465 0.748937 0.539659 0.47488 0.29982
8 0.23101 0.872105 0.334613 0.254333 0.298465
14 0.159297 0.508889 0.0907663 0.18561 0.296347
8 0.505819 0.697793 0.168458 0.298239 0.287479
10 0.631489 0.67304 0.468346 0.292457 0.283403
10 0.430488 0.773635 0.648116 0.450093 0.281362
8 0.987963 0.596833 0.023814 0.342454 0.277787
8 0.0749262 0.917577 0.148681 0.164665 0.276969
14 0.27362 0.582709 0.13948 0.361296 0.269692
