14 0.309827 0.658587 0.305385 0.682825 0.884445
14 0.632805 0.54209 0.181915 0.412722 0.696753
8 0.0988039 0.63368 0.186505 0.71427 0.648189
14 0.631286 0.66538 0.381253 0.66924 0.595471
14 0.465065 0.422446 0.216343 0.700205 0.391571
14 0.503886 0.538354 0.376645 0.923292 0.356932
14 0.478369 0.53611 0.256825 0.92778 0.349423
14 0.524388 0.651619 0.598357 0.696762 0.301011
14 0.385069 0.535205 0.419369 0.929591 0.293281
14 0.67528 0.546555 0.277344 0.43368 0.267024
14 0.746486 0.670017 0.499064 0.659273 0.253381
