10 0.850335 0.677894 0.299331 0.399552 0.662971
8 0.766788 0.678043 0.153739 0.338494 0.575259
8 0.0828378 0.680706 0.163869 0.628744 0.567358
10 0.790987 0.684519 0.413309 0.421267 0.566245
8 0.655544 0.612663 0.117441 0.290652 0.467511
8 0.676266 0.614307 0.081286 0.291113 0.451093
8 0.908056 0.673979 0.181785 0.334903 0.388268
8 0.156368 0.659896 0.309116 0.667782 0.360625
10 0.757932 0.625793 0.364784 0.318996 0.357527
8 0.58254 0.528664 0.0549221 0.192313 0.333194
8 0.831307 0.558114 0.189391 0.352759 0.300647
8 0.839747 0.539278 0.134023 0.314551 0.296644
8 0.908791 0.579697 0.180132 0.447346 0.265319
8 0.129013 0.559578 0.103048 0.334384 0.255817
17 0.470173 0.507644 0.16139 0.205563 0.254422
