14 0.116849 0.601375 0.220745 0.782566 0.83975
14 0.469659 0.606413 0.239418 0.707241 0.829131
14 0.708216 0.74916 0.282911 0.49983 0.777126
14 0.273701 0.741113 0.202338 0.511436 0.765219
14 0.286929 0.449257 0.170318 0.35547 0.726199
14 0.838746 0.545305 0.245198 0.785234 0.714646
14 0.661329 0.598883 0.212601 0.711134 0.55371
14 0.273728 0.5123 0.185119 0.502784 0.51413
14 0.741227 0.71978 0.369675 0.543856 0.363446
14 0.708118 0.3186 0.255054 0.570628 0.29669
14 0.681171 0.485136 0.248402 0.475485 0.293756
