10 0.28432 0.696557 0.493455 0.589506 0.661714
10 0.272757 0.551157 0.512815 0.304397 0.629843
4 0.278977 0.452558 0.0438839 0.111056 0.559471
8 0.113507 0.520752 0.226852 0.379883 0.555197
8 0.291266 0.775133 0.253242 0.436668 0.529452
8 0.091313 0.543946 0.180659 0.309632 0.518027
8 0.348518 0.775836 0.365231 0.436705 0.51324
8 0.659672 0.632916 0.258672 0.505805 0.491962
10 0.341548 0.77773 0.379011 0.444539 0.40896
4 0.349072 0.421384 0.0380636 0.112951 0.394221
10 0.268733 0.596056 0.512476 0.430091 0.369897
