14 0.871808 0.661272 0.251375 0.657187 0.841267
14 0.44468 0.394198 0.169087 0.313624 0.796058
10 0.667732 0.825958 0.59024 0.348085 0.724251
14 0.689823 0.461307 0.143911 0.37239 0.711373
4 0.515533 0.570878 0.0435166 0.195999 0.586533
14 0.763117 0.470393 0.100177 0.319768 0.51676
14 0.347316 0.419275 0.077589 0.246574 0.50684
14 0.296925 0.675552 0.376406 0.648897 0.500847
10 0.61757 0.767956 0.681405 0.464087 0.465116
14 0.0319469 0.740565 0.0638938 0.518871 0.449128
4 0.514647 0.531719 0.0429873 0.147986 0.410241
14 0.226256 0.671335 0.230842 0.65733 0.390262
14 0.395805 0.687394 0.575154 0.621985 0.288425
8 0.0584272 0.84642 0.115084 0.302955 0.284254
