4 0.79008 0.782215 0.0491786 0.25499 0.880398
14 0.874656 0.525025 0.163786 0.335183 0.868479
14 0.23602 0.49359 0.182535 0.339198 0.854012
14 0.587991 0.499312 0.189798 0.301024 0.819923
14 0.926361 0.635954 0.146889 0.728092 0.779521
14 0.415357 0.587195 0.197385 0.485221 0.736915
10 0.267039 0.80864 0.381622 0.382719 0.72082
10 0.67827 0.825561 0.363823 0.340271 0.717068
4 0.334352 0.702287 0.0478259 0.229184 0.714556
14 0.732229 0.443492 0.18094 0.312421 0.682146
18 0.493469 0.462674 0.980383 0.925347 0.492982
