4 0.600497 0.814388 0.191549 0.371224 0.969851
4 0.830014 0.816375 0.154397 0.367251 0.955491
4 0.139273 0.79771 0.240672 0.403586 0.952345
14 0.59512 0.593298 0.373192 0.629268 0.913002
4 0.334816 0.813156 0.147229 0.373689 0.90898
14 0.886256 0.551392 0.227488 0.835255 0.8085
14 0.154408 0.496877 0.250283 0.420221 0.713269
4 0.0296065 0.654956 0.0592131 0.27623 0.61973
4 0.730192 0.878076 0.0873343 0.240778 0.616406
4 0.0622794 0.696708 0.08338 0.29093 0.38305
4 0.402324 0.770558 0.0735892 0.458884 0.35269
4 0.405812 0.850692 0.0658843 0.293483 0.315126
4 0.952324 0.924009 0.0953516 0.151981 0.265573
