8 0.371772 0.380971 0.0464858 0.105578 0.731128
8 0.826071 0.907665 0.0635435 0.120111 0.701861
8 0.337715 0.637025 0.0562361 0.142871 0.534957
8 0.954787 0.764785 0.0796843 0.162984 0.528719
8 0.826794 0.518839 0.0462057 0.0844534 0.507951
8 0.425118 0.915894 0.0743308 0.16527 0.506474
8 0.550785 0.702201 0.0650652 0.146209 0.492938
8 0.21858 0.765646 0.0561418 0.125361 0.485595
8 0.648772 0.519602 0.0616468 0.162061 0.444864
8 0.505117 0.908478 0.0718618 0.161545 0.440358
8 0.739646 0.697542 0.0604148 0.144214 0.409973
8 0.488585 0.421553 0.0497881 0.127005 0.399575
8 0.463554 0.533157 0.0565801 0.134812 0.388976
8 0.748969 0.48342 0.0477449 0.149877 0.382929
8 0.651448 0.502101 0.0555058 0.125967 0.376412
8 0.861089 0.62633 0.0674498 0.232582 0.373729
8 0.412753 0.766197 0.0594423 0.13086 0.333808
8 0.609512 0.841382 0.0847175 0.144971 0.321217
8 0.886858 0.591664 0.0423455 0.145276 0.298091
8 0.4051 0.766239 0.0408192 0.117111 0.295338
8 0.73095 0.68551 0.0751972 0.174738 0.283075
10 0.312674 0.858343 0.611948 0.276833 0.279357
8 0.488836 0.450517 0.0477463 0.192214 0.272812
8 0.750957 0.460102 0.0446876 0.101033 0.270133
8 0.883973 0.61699 0.0428079 0.217252 0.254907
8 0.509757 0.888486 0.0636306 0.124946 0.25425
