14 0.842139 0.454871 0.229931 0.681071 0.712116
14 0.223047 0.388119 0.346143 0.552041 0.597318
14 0.667383 0.55324 0.569934 0.89352 0.570342
14 0.432104 0.255965 0.298674 0.470455 0.56386
14 0.56374 0.531507 0.440043 0.931503 0.427667
14 0.476843 0.252986 0.21915 0.46681 0.402712
14 0.630096 0.53585 0.26476 0.928299 0.367883
14 0.829324 0.55642 0.247853 0.885125 0.36174
14 0.43467 0.515737 0.740377 0.957786 0.333538
14 0.329572 0.486776 0.512479 0.95388 0.310746
14 0.262128 0.517318 0.498254 0.818267 0.274819
14 0.595399 0.0751259 0.132742 0.150252 0.271437
