12 0.551584 0.664749 0.319179 0.406921 0.881423
14 0.573413 0.359406 0.138089 0.491484 0.808436
14 0.312118 0.404659 0.166273 0.701206 0.679576
14 0.900827 0.292034 0.198345 0.584068 0.618989
14 0.957577 0.303443 0.0848453 0.606885 0.496542
14 0.684311 0.476448 0.124508 0.668969 0.470798
14 0.410123 0.347937 0.170471 0.535911 0.376375
14 0.300873 0.312571 0.143518 0.521497 0.301933
12 0.205305 0.353824 0.408453 0.679985 0.296747
14 0.514723 0.224543 0.35353 0.449085 0.271043
14 0.926827 0.295251 0.0908192 0.590503 0.261041
