10 0.516983 0.823822 0.554809 0.352357 0.837629
14 0.790929 0.614929 0.418143 0.770143 0.823757
4 0.424903 0.432922 0.0354002 0.150773 0.781676
14 0.649059 0.395116 0.166208 0.364343 0.741749
14 0.272986 0.458758 0.15633 0.472209 0.597628
14 0.767255 0.454286 0.14915 0.407765 0.562835
4 0.489824 0.693255 0.0620913 0.222565 0.555438
10 0.518357 0.876185 0.554564 0.246569 0.55322
14 0.123632 0.527405 0.217456 0.543736 0.52032
14 0.718854 0.465921 0.24661 0.430434 0.46854
14 0.115483 0.625891 0.217056 0.74562 0.336802
10 0.417447 0.574346 0.374278 0.238765 0.300698
10 0.461516 0.723102 0.429884 0.529062 0.300216
14 0.0573886 0.565494 0.114777 0.647706 0.278176
