14 0.121402 0.480831 0.209756 0.457971 0.816324
14 0.276205 0.444029 0.171492 0.369059 0.807542
10 0.353166 0.796124 0.680333 0.403707 0.667513
14 0.390616 0.40157 0.123868 0.266803 0.610078
14 0.717587 0.617268 0.367191 0.765464 0.601741
14 0.478003 0.400203 0.100677 0.159311 0.600649
14 0.879567 0.629008 0.240866 0.741824 0.596376
14 0.682804 0.433165 0.180061 0.386929 0.399816
4 0.258035 0.674812 0.0437444 0.140969 0.384619
14 0.87862 0.768051 0.242761 0.46337 0.361084
14 0.645285 0.430226 0.224844 0.380997 0.321973
14 0.68895 0.377343 0.126527 0.276196 0.282015
