14 0.428582 0.364432 0.0557773 0.288054 0.695919
14 0.924421 0.382074 0.0371494 0.18331 0.63325
14 0.840963 0.374049 0.0420336 0.218211 0.504611
14 0.738366 0.372203 0.0609245 0.229804 0.468375
6 0.549962 0.671427 0.626054 0.335525 0.447633
14 0.206708 0.221749 0.0880701 0.250386 0.423621
14 0.52514 0.441188 0.0722893 0.167522 0.41206
14 0.122689 0.244785 0.101649 0.348163 0.407562
14 0.885598 0.357188 0.0286087 0.171474 0.30752
14 0.923124 0.325794 0.0361942 0.0602881 0.297626
14 0.864496 0.377441 0.02873 0.209728 0.268607
