3 0.406405 0.789413 0.498291 0.212935 0.675434
3 0.449413 0.232062 0.0788978 0.254145 0.64664
3 0.893465 0.196166 0.0853451 0.200781 0.513269
14 0.719259 0.425075 0.0369824 0.0558541 0.487553
3 0.835642 0.767842 0.328715 0.291957 0.475248
3 0.673933 0.451149 0.12544 0.0666899 0.469574
3 0.0637596 0.760472 0.127519 0.229093 0.44114
3 0.741118 0.77422 0.386557 0.328301 0.393652
3 0.450806 0.342041 0.0819545 0.0322583 0.363702
3 0.159134 0.747679 0.318195 0.202438 0.351501
3 0.158985 0.323682 0.0554715 0.0329262 0.34331
3 0.711936 0.819038 0.310339 0.237694 0.341971
3 0.831579 0.228849 0.0518776 0.112865 0.34148
3 0.558228 0.77226 0.690147 0.329505 0.312838
3 0.760077 0.845602 0.20734 0.186857 0.303665
3 0.812472 0.68227 0.267387 0.116713 0.291601
3 0.896521 0.232208 0.0896179 0.122399 0.267491
