14 0.947145 0.279738 0.10571 0.559475 0.828622
14 0.19007 0.218876 0.0885853 0.437752 0.785317
14 0.0759131 0.221227 0.0890319 0.403611 0.7827
14 0.336523 0.161675 0.0942051 0.279284 0.76363
14 0.494709 0.382199 0.159302 0.549268 0.762373
14 0.775142 0.279665 0.139382 0.509158 0.754471
3 0.839725 0.710925 0.319548 0.558132 0.728565
14 0.592 0.382595 0.0825693 0.463235 0.686169
14 0.659193 0.282009 0.0895477 0.444381 0.685425
3 0.840504 0.56117 0.317679 0.85562 0.588543
14 0.885596 0.296506 0.0801995 0.536939 0.547391
