10 0.805888 0.816641 0.387016 0.364143 0.733116
10 0.350712 0.81759 0.388029 0.274219 0.732625
10 0.430005 0.762877 0.546734 0.360042 0.580541
8 0.491126 0.793711 0.113146 0.218494 0.57421
10 0.816287 0.873533 0.358788 0.252595 0.49174
8 0.238818 0.814044 0.146636 0.20398 0.46385
8 0.0462103 0.715089 0.0826188 0.179672 0.41239
8 0.375158 0.82927 0.152747 0.255895 0.306423
8 0.675137 0.847808 0.0815489 0.229108 0.300206
10 0.405562 0.810383 0.299475 0.234984 0.25933
8 0.0185624 0.788049 0.0364332 0.248157 0.250509
