10 0.471236 0.829759 0.605226 0.340483 0.799811
14 0.142204 0.556786 0.284408 0.874992 0.796199
14 0.785912 0.594761 0.428176 0.80269 0.765016
4 0.588953 0.418241 0.0522324 0.247721 0.736021
14 0.311691 0.41717 0.249281 0.562921 0.607386
14 0.428397 0.233415 0.151031 0.311569 0.602335
4 0.472671 0.365956 0.0498672 0.205851 0.558747
14 0.735133 0.274491 0.0996706 0.316047 0.444725
10 0.486897 0.5646 0.494271 0.350365 0.425235
8 0.0208588 0.362359 0.0404582 0.136585 0.375717
14 0.735854 0.480299 0.260625 0.633208 0.344987
10 0.485826 0.715309 0.632492 0.569383 0.33638
14 0.721354 0.565737 0.294628 0.774857 0.33489
10 0.495026 0.494678 0.465303 0.28046 0.258722
