19 0.0890799 0.0748444 0.17816 0.147769 0.84339
14 0.514731 0.425801 0.204002 0.470325 0.764482
10 0.681615 0.760516 0.636771 0.466178 0.588365
14 0.258238 0.494989 0.251496 0.610246 0.572025
4 0.714482 0.895388 0.115049 0.207313 0.55927
14 0.125784 0.556777 0.251568 0.886446 0.500386
14 0.0811545 0.549777 0.162309 0.900446 0.498092
4 0.820158 0.576272 0.0555862 0.196462 0.434124
14 0.283113 0.865695 0.171164 0.264914 0.415312
14 0.244068 0.594381 0.277943 0.811239 0.384019
10 0.760661 0.696324 0.478678 0.461122 0.257332
