14 0.680054 0.549453 0.126908 0.339577 0.835137
10 0.742567 0.883704 0.514391 0.232187 0.755649
14 0.406025 0.733944 0.189834 0.52907 0.716256
14 0.183349 0.657766 0.185445 0.684469 0.669109
14 0.906184 0.735581 0.187632 0.355502 0.562998
14 0.223928 0.462117 0.0739205 0.142351 0.482944
14 0.702959 0.707363 0.122578 0.19876 0.454213
14 0.820969 0.67513 0.10484 0.268558 0.398581
10 0.583882 0.851243 0.453375 0.29199 0.385724
10 0.100882 0.895248 0.201764 0.209403 0.364692
10 0.663768 0.86532 0.669057 0.267852 0.345122
8 0.0123277 0.787625 0.0237858 0.242183 0.33451
14 0.57917 0.588311 0.104409 0.178306 0.284512
10 0.648773 0.853075 0.285263 0.28799 0.284022
14 0.0413347 0.523425 0.0526706 0.0869888 0.25632
14 0.204408 0.791185 0.150359 0.417629 0.250993
