15 0.193249 0.393224 0.0702055 0.078333 0.909458
15 0.144081 0.662636 0.0739469 0.126344 0.849438
15 0.895311 0.546676 0.0442631 0.0669918 0.706708
15 0.178792 0.672227 0.0515517 0.0943176 0.700345
14 0.62282 0.422404 0.0626597 0.129526 0.691658
15 0.687708 0.413136 0.0551361 0.111931 0.679202
15 0.222529 0.659499 0.0834942 0.0959458 0.503497
15 0.525657 0.442509 0.054664 0.0912368 0.424194
15 0.543735 0.444171 0.0958388 0.0964406 0.320018
15 0.91389 0.392036 0.0643329 0.0556469 0.313989
15 0.809174 0.64846 0.0777687 0.0924084 0.286032
15 0.444783 0.428483 0.0547647 0.0763381 0.281535
