4 0.288401 0.261409 0.171176 0.46189 0.98672
4 0.44826 0.249921 0.158038 0.446824 0.985828
4 0.600192 0.227926 0.149262 0.409664 0.985076
4 0.749329 0.817496 0.156732 0.332423 0.981421
4 0.754856 0.525633 0.14359 0.357571 0.974452
4 0.588134 0.541384 0.150171 0.389126 0.971951
4 0.289484 0.796288 0.151858 0.303955 0.955834
4 0.434709 0.524786 0.152763 0.358833 0.940925
4 0.763127 0.234125 0.155728 0.429987 0.914919
4 0.443294 0.766258 0.150929 0.240359 0.913944
4 0.283387 0.536465 0.160533 0.371828 0.897106
4 0.428552 0.960781 0.0954696 0.0771889 0.823903
4 0.289044 0.956405 0.117978 0.0859348 0.795877
4 0.585002 0.964106 0.0919347 0.0710331 0.730206
4 0.281888 0.48336 0.155888 0.266847 0.709562
4 0.589974 0.481182 0.150997 0.270461 0.602498
4 0.444749 0.167067 0.151053 0.280428 0.597302
4 0.60134 0.160407 0.144949 0.288882 0.463293
4 0.752899 0.768989 0.15199 0.233482 0.385575
4 0.527066 0.664914 0.555739 0.644866 0.305676
4 0.281818 0.184179 0.154471 0.319907 0.27835
