15 0.772788 0.610014 0.136125 0.140662 0.919498
14 0.487898 0.535163 0.175813 0.410371 0.905069
15 0.343774 0.485791 0.0669476 0.0737218 0.879941
15 0.295672 0.557751 0.107173 0.0842446 0.781368
15 0.856292 0.632436 0.134917 0.136394 0.780532
15 0.751634 0.603412 0.104454 0.144042 0.515014
13 0.633014 0.51307 0.134681 0.17232 0.339304
15 0.767701 0.621172 0.0843971 0.111608 0.337855
15 0.930093 0.894191 0.135494 0.208516 0.332168
13 0.107738 0.754876 0.215475 0.349208 0.311438
15 0.273515 0.560174 0.0642049 0.0740368 0.263125
15 0.847969 0.655631 0.115182 0.0836552 0.250373
