12 0.561833 0.329055 0.142022 0.224598 0.996418
12 0.0483718 0.415572 0.0967436 0.189268 0.992384
12 0.377672 0.509671 0.112054 0.252065 0.96818
12 0.747434 0.422081 0.125838 0.218896 0.956591
12 0.337254 0.919756 0.130961 0.158739 0.951782
14 0.0530133 0.311906 0.104777 0.118272 0.795132
14 0.35205 0.81767 0.154665 0.194062 0.727978
14 0.382272 0.420438 0.118098 0.134562 0.658393
14 0.753664 0.336479 0.121471 0.175645 0.615513
14 0.579964 0.258078 0.0910713 0.146282 0.520607
12 0.768605 0.410933 0.16129 0.230941 0.432578
