14 0.505318 0.680073 0.182215 0.408429 0.919833
14 0.344756 0.696715 0.160332 0.457703 0.91844
14 0.165965 0.667743 0.223682 0.588738 0.891235
14 0.6117 0.775693 0.17234 0.377196 0.878258
14 0.844326 0.386887 0.157257 0.492649 0.862072
19 0.926656 0.552675 0.144669 0.363644 0.854281
14 0.741979 0.76765 0.187582 0.354985 0.842142
14 0.74017 0.517499 0.128092 0.351781 0.812867
14 0.597479 0.418059 0.0845812 0.402327 0.763354
14 0.510911 0.364663 0.0970391 0.356887 0.75838
14 0.678602 0.396827 0.105172 0.388466 0.748962
14 0.414357 0.597999 0.0911859 0.352046 0.656548
14 0.376772 0.380144 0.0713026 0.294222 0.637497
14 0.43982 0.386067 0.0798275 0.350102 0.462268
14 0.217719 0.667585 0.148308 0.563677 0.452203
14 0.643449 0.606589 0.11922 0.203297 0.444639
14 0.738854 0.303423 0.0840737 0.234292 0.352043
14 0.237068 0.554352 0.149832 0.320563 0.350716
14 0.272502 0.468 0.0847149 0.15902 0.269054
