14 0.565249 0.595425 0.648129 0.805532 0.901839
4 0.397195 0.737885 0.0326008 0.143328 0.865545
14 0.895396 0.715571 0.204993 0.565015 0.794482
4 0.426372 0.736945 0.0343309 0.144548 0.791916
4 0.249584 0.746577 0.0363797 0.14474 0.784345
4 0.308327 0.740215 0.0365182 0.145869 0.767915
4 0.454907 0.73471 0.0337727 0.141827 0.755472
4 0.221357 0.745578 0.0339763 0.144513 0.752147
4 0.339658 0.739214 0.0365367 0.144508 0.749487
4 0.164095 0.748487 0.0376997 0.145212 0.744462
4 0.367943 0.737239 0.0346033 0.143926 0.691318
4 0.0761157 0.751689 0.0387436 0.146008 0.680717
4 0.278831 0.742645 0.0349415 0.144256 0.661688
4 0.193287 0.745939 0.0362816 0.14373 0.649891
4 0.0458159 0.752609 0.0357652 0.145626 0.608261
4 0.640686 0.210964 0.0345245 0.127424 0.554424
4 0.132357 0.750065 0.0371279 0.145443 0.498263
4 0.104674 0.74699 0.0348521 0.142275 0.489794
19 0.897794 0.124631 0.200678 0.248496 0.488818
4 0.486112 0.734009 0.0354568 0.143559 0.465803
4 0.0190169 0.754536 0.0380339 0.145129 0.360937
4 0.420394 0.737989 0.0271612 0.143723 0.27809
