14 0.742719 0.529267 0.513595 0.601413 0.894044
14 0.222917 0.494164 0.440417 0.563222 0.874652
14 0.628369 0.396841 0.0749933 0.157871 0.742692
14 0.50919 0.301854 0.197778 0.334731 0.633691
10 0.503855 0.864023 0.983187 0.265685 0.59892
14 0.544732 0.500069 0.215666 0.466081 0.576487
14 0.313121 0.440407 0.0805469 0.144167 0.471094
15 0.120322 0.118485 0.240056 0.135787 0.44028
14 0.270084 0.258874 0.12511 0.2905 0.404512
14 0.244293 0.257627 0.0727796 0.294185 0.39176
14 0.290088 0.266509 0.0848625 0.275574 0.342251
14 0.972936 0.342273 0.0523182 0.0819348 0.307359
14 0.393076 0.387234 0.0513012 0.177037 0.28102
