15 0.5209 0.919176 0.091281 0.161648 0.884876
15 0.653364 0.405351 0.0769264 0.103798 0.85
15 0.959885 0.74677 0.079105 0.200003 0.849913
15 0.154663 0.42478 0.0992601 0.134085 0.845003
15 0.522128 0.364474 0.131622 0.137963 0.801766
15 0.824597 0.792366 0.110419 0.175879 0.768109
15 0.794274 0.37239 0.0960154 0.145188 0.761166
15 0.886864 0.369952 0.0944326 0.145372 0.75755
15 0.0560304 0.385825 0.112061 0.221357 0.665436
15 0.961424 0.38239 0.0763394 0.116848 0.663448
15 0.686753 0.851727 0.0694327 0.169686 0.610911
15 0.753763 0.821381 0.0757357 0.175801 0.59464
15 0.519153 0.854899 0.0964022 0.285766 0.594459
15 0.351308 0.712485 0.347755 0.574596 0.561667
15 0.92213 0.724304 0.152178 0.2595 0.484955
15 0.145087 0.92527 0.12529 0.147925 0.436472
15 0.408602 0.386948 0.0999443 0.141355 0.404071
15 0.246105 0.351455 0.0992948 0.0956389 0.397193
15 0.603516 0.792293 0.102694 0.175186 0.363345
15 0.584972 0.734576 0.151118 0.464393 0.350121
15 0.239943 0.817118 0.143061 0.341861 0.339294
15 0.353526 0.716879 0.210455 0.564784 0.336224
15 0.516193 0.744292 0.11353 0.499139 0.306292
15 0.254485 0.392013 0.119768 0.182872 0.294727
15 0.592127 0.830258 0.126521 0.274977 0.294432
