14 0.0825427 0.400929 0.148962 0.549888 0.882414
4 0.725751 0.633798 0.0443348 0.171725 0.880792
14 0.386954 0.340707 0.170684 0.494776 0.864641
14 0.635599 0.529316 0.264347 0.332687 0.836772
14 0.394993 0.765636 0.516786 0.468727 0.733464
14 0.843457 0.686116 0.308852 0.622681 0.689288
14 0.0691162 0.752184 0.138232 0.491826 0.650468
14 0.757394 0.250077 0.216742 0.498391 0.473283
10 0.615249 0.828246 0.563257 0.342262 0.423662
15 0.419015 0.617713 0.163275 0.193041 0.412378
15 0.429555 0.633613 0.0888928 0.205279 0.256663
