6 0.887469 0.807806 0.221114 0.383212 0.966959
14 0.492791 0.704756 0.101141 0.427427 0.912671
14 0.323268 0.681022 0.0981179 0.494812 0.898085
6 0.723365 0.73144 0.375981 0.318208 0.881573
14 0.402703 0.695152 0.0932727 0.447646 0.861498
14 0.597136 0.728297 0.0961024 0.523158 0.855592
14 0.099073 0.658824 0.0424712 0.187142 0.804351
14 0.039877 0.656598 0.0615516 0.193064 0.803236
14 0.138923 0.660954 0.0498585 0.187366 0.664692
6 0.177852 0.656573 0.05337 0.0853701 0.62864
4 0.780831 0.0589577 0.062028 0.117915 0.334394
6 0.10009 0.666676 0.199255 0.0989353 0.262152
