8 0.837744 0.55096 0.148697 0.250289 0.975654
8 0.685047 0.468089 0.107484 0.220708 0.967932
8 0.799349 0.502052 0.0898793 0.255027 0.8212
8 0.593527 0.454048 0.0821478 0.206661 0.807247
8 0.954887 0.620773 0.0888828 0.241567 0.770545
8 0.424922 0.415991 0.10135 0.155903 0.757953
8 0.574593 0.45429 0.116584 0.208892 0.717229
8 0.130613 0.372741 0.0758725 0.128379 0.690145
8 0.213796 0.369749 0.0761172 0.12041 0.674305
8 0.551334 0.449553 0.0712582 0.213609 0.429865
8 0.808456 0.526446 0.10236 0.214508 0.364751
8 0.797774 0.45085 0.0859266 0.154591 0.34265
8 0.41494 0.367279 0.0796647 0.116793 0.267217
