4 0.790751 0.783322 0.0504816 0.258503 0.968562
14 0.412512 0.571774 0.190947 0.433446 0.905365
14 0.874635 0.521205 0.16471 0.31504 0.833132
4 0.334604 0.700535 0.0439111 0.227523 0.819784
14 0.750376 0.465681 0.160135 0.332634 0.798889
14 0.23544 0.490576 0.182019 0.322027 0.730106
14 0.92303 0.730864 0.150158 0.535043 0.634038
14 0.592509 0.492429 0.198294 0.273404 0.604873
14 0.83956 0.225618 0.117007 0.263596 0.544084
10 0.392391 0.805189 0.46423 0.38382 0.458722
14 0.590545 0.548373 0.19962 0.391636 0.354899
10 0.699373 0.769829 0.399224 0.45858 0.34494
