6 0.110377 0.724851 0.166894 0.113511 0.980432
6 0.222536 0.733718 0.268541 0.130966 0.884704
6 0.534928 0.708202 0.13531 0.0722468 0.831807
6 0.037093 0.710577 0.074186 0.0797253 0.695641
6 0.415263 0.701233 0.0799569 0.0611979 0.591476
6 0.698055 0.712641 0.182036 0.0827454 0.588126
6 0.48296 0.698945 0.13226 0.07347 0.530901
6 0.510138 0.70111 0.0781923 0.0743298 0.498664
6 0.979564 0.69396 0.0400894 0.0565641 0.474547
6 0.666052 0.712671 0.118678 0.0830159 0.3986
6 0.590105 0.683617 0.0800453 0.0461098 0.358872
