19 0.859588 0.605328 0.128012 0.198009 0.837016
19 0.725569 0.623151 0.129654 0.194661 0.706256
19 0.283737 0.625395 0.116232 0.183887 0.643549
19 0.706796 0.27503 0.133123 0.201384 0.630911
19 0.425257 0.28694 0.13544 0.199716 0.578704
19 0.165206 0.29133 0.132722 0.190109 0.518449
19 0.403927 0.609038 0.124748 0.176015 0.447856
19 0.124705 0.610223 0.125588 0.180494 0.386172
19 0.724359 0.948701 0.150454 0.100579 0.374962
19 0.561336 0.309824 0.124922 0.171251 0.357445
19 0.859913 0.262463 0.129734 0.190836 0.353532
19 0.542708 0.93036 0.139703 0.137088 0.340922
19 0.282638 0.309638 0.124232 0.182392 0.329299
19 0.698479 0.787512 0.102008 0.142192 0.278179
19 0.556691 0.615793 0.113438 0.163857 0.255935
