19 0.11417 0.666155 0.123549 0.176154 0.768697
15 0.471393 0.604238 0.0576513 0.160189 0.63941
15 0.331818 0.489548 0.0368227 0.0952062 0.430711
15 0.643718 0.60919 0.0696027 0.100922 0.428762
15 0.33645 0.368339 0.0316785 0.090883 0.408976
15 0.616327 0.361602 0.0578747 0.104227 0.399839
8 0.0920009 0.861861 0.182737 0.264585 0.387281
15 0.50055 0.619422 0.0498539 0.107458 0.372195
15 0.408114 0.368943 0.0371284 0.0865297 0.350939
15 0.040327 0.610912 0.0804579 0.132344 0.3475
15 0.503437 0.449754 0.0619381 0.0819328 0.281133
8 0.0299293 0.740647 0.0598587 0.146368 0.279528
15 0.631588 0.608622 0.077783 0.0975633 0.266003
