8 0.754908 0.889491 0.137921 0.221019 0.937993
8 0.236043 0.816588 0.145799 0.20836 0.907933
8 0.485676 0.800982 0.125047 0.218122 0.849454
8 0.373756 0.852607 0.150047 0.206318 0.771947
8 0.3087 0.964487 0.26964 0.0707456 0.649541
8 0.724383 0.854808 0.166734 0.239871 0.623755
8 0.842897 0.916392 0.234648 0.165514 0.623375
8 0.689354 0.851703 0.0964108 0.235587 0.615249
8 0.0461993 0.726245 0.0869473 0.188273 0.435434
8 0.67983 0.80329 0.136113 0.20048 0.307102
15 0.26084 0.569537 0.0512199 0.106542 0.261512
8 0.0154864 0.780797 0.0309729 0.209911 0.25626
