14 0.311228 0.776231 0.141087 0.446743 0.892393
14 0.581777 0.813726 0.134538 0.370308 0.887567
14 0.47493 0.774483 0.171717 0.451034 0.882874
14 0.715881 0.786823 0.224525 0.425488 0.851437
14 0.557137 0.498792 0.0992685 0.266102 0.778092
14 0.463226 0.502398 0.102359 0.293378 0.761551
14 0.362247 0.497418 0.132251 0.292354 0.758278
14 0.209166 0.525449 0.109195 0.348899 0.757614
14 0.201361 0.824024 0.187008 0.348831 0.702196
14 0.63946 0.496866 0.114239 0.294069 0.693633
14 0.725508 0.522917 0.123945 0.358438 0.669761
8 0.0914058 0.681091 0.178377 0.507706 0.53405
15 0.90563 0.4919 0.130693 0.217865 0.479665
