4 0.424419 0.30593 0.073811 0.200633 0.975666
4 0.506608 0.301069 0.0764733 0.177781 0.96135
4 0.750041 0.296258 0.0758873 0.119852 0.906223
4 0.179925 0.296318 0.13683 0.211563 0.854855
4 0.315378 0.280608 0.0687818 0.185396 0.801381
4 0.261553 0.26726 0.0738029 0.153325 0.750091
4 0.350802 0.277953 0.0529655 0.18962 0.686893
4 0.72015 0.309116 0.0306711 0.0729606 0.625083
10 0.499707 0.665865 0.999413 0.659675 0.606235
4 0.390204 0.291921 0.046233 0.199096 0.532572
4 0.684232 0.309956 0.0408196 0.0732503 0.489819
4 0.469543 0.247021 0.0639431 0.149439 0.488475
4 0.637602 0.302873 0.0518125 0.0724351 0.417988
4 0.750548 0.33217 0.079863 0.192674 0.265195
4 0.47 0.281872 0.0639041 0.219148 0.26054
