8 0.141915 0.71356 0.162269 0.261934 0.941345
8 0.416552 0.632706 0.121116 0.186054 0.880244
8 0.545262 0.712951 0.0980574 0.189047 0.777407
10 0.687783 0.883902 0.538232 0.229202 0.687008
15 0.698769 0.734769 0.18377 0.279131 0.60955
8 0.373558 0.872651 0.227285 0.253906 0.591106
8 0.342116 0.81435 0.11843 0.336027 0.486488
8 0.305073 0.87246 0.0899946 0.253066 0.448688
8 0.823174 0.71121 0.125344 0.177998 0.426161
8 0.630276 0.939033 0.207091 0.121268 0.326031
17 0.270292 0.590413 0.291189 0.162114 0.308568
8 0.117421 0.576711 0.0898827 0.125641 0.298138
