14 0.361819 0.717224 0.213143 0.560193 0.836876
8 0.183031 0.666787 0.295946 0.233688 0.773603
14 0.936982 0.645429 0.122583 0.419212 0.768137
14 0.23472 0.48148 0.164484 0.387649 0.754733
14 0.618135 0.482978 0.109742 0.351317 0.677922
14 0.397447 0.466134 0.149679 0.377706 0.653867
14 0.817808 0.641654 0.121592 0.665417 0.644267
14 0.357318 0.577524 0.206632 0.285523 0.609224
14 0.0668101 0.401985 0.13362 0.31257 0.592181
14 0.530491 0.552958 0.16027 0.264372 0.55879
14 0.540848 0.683505 0.179168 0.520649 0.50974
14 0.687627 0.501085 0.0778475 0.304367 0.507152
14 0.618587 0.616855 0.114311 0.61583 0.462711
8 0.769407 0.773965 0.205153 0.436564 0.420302
14 0.686851 0.604948 0.0773827 0.514073 0.343942
