6 0.244399 0.272289 0.173368 0.174579 0.978021
14 0.419977 0.650575 0.239498 0.69885 0.783775
5 0.720837 0.179938 0.399602 0.270615 0.774504
14 0.35514 0.299728 0.145494 0.422908 0.76196
13 0.0846015 0.585419 0.169203 0.603353 0.696592
14 0.126266 0.325478 0.183247 0.4087 0.57521
13 0.453857 0.651801 0.78609 0.694518 0.543409
14 0.941112 0.304479 0.113899 0.607453 0.511585
13 0.711726 0.65684 0.571295 0.682914 0.49825
13 0.567445 0.331836 0.107149 0.192702 0.28167
14 0.597714 0.229234 0.0438762 0.115746 0.250601
