14 0.782616 0.598614 0.430901 0.789868 0.932717
4 0.47219 0.365672 0.0471871 0.203914 0.921634
14 0.318165 0.371351 0.242362 0.465788 0.903302
4 0.588911 0.420956 0.0516271 0.246558 0.895371
14 0.187085 0.556788 0.374169 0.877402 0.870048
4 0.470526 0.582489 0.0733021 0.356017 0.835053
14 0.736365 0.272059 0.0995234 0.31857 0.803957
10 0.478086 0.648158 0.612126 0.695481 0.783836
4 0.553979 0.374808 0.0354022 0.145862 0.76807
14 0.440791 0.218882 0.167612 0.285629 0.757737
14 0.362251 0.219328 0.154305 0.324166 0.622885
14 0.769096 0.407005 0.194783 0.433209 0.499442
4 0.518974 0.587841 0.0436939 0.185644 0.474904
14 0.333075 0.226159 0.202971 0.341446 0.458052
14 0.740196 0.487542 0.25547 0.595708 0.27924
