2 0.441525 0.526718 0.13543 0.284111 0.966996
2 0.849297 0.654457 0.149067 0.330805 0.958694
2 0.559523 0.649652 0.0918978 0.338503 0.95136
2 0.265185 0.737126 0.114271 0.300685 0.938245
2 0.180947 0.691428 0.147437 0.337564 0.933209
2 0.0781247 0.631332 0.133177 0.294677 0.90981
2 0.756262 0.579595 0.109492 0.300595 0.856873
14 0.0945309 0.101896 0.0831605 0.163069 0.854306
2 0.912055 0.624514 0.0914932 0.289922 0.822483
2 0.365553 0.75243 0.155327 0.354266 0.807506
14 0.0371525 0.090494 0.0618759 0.180988 0.791854
2 0.321874 0.52291 0.113726 0.224591 0.744414
2 0.341795 0.515863 0.148705 0.240437 0.679085
2 0.250067 0.511896 0.0736911 0.138594 0.676798
2 0.587833 0.442919 0.110755 0.116618 0.475332
2 0.650754 0.685626 0.082915 0.352041 0.467367
2 0.645337 0.58574 0.0996121 0.319707 0.457677
2 0.366982 0.492147 0.0986715 0.191748 0.431061
2 0.645506 0.541888 0.10337 0.228508 0.327168
2 0.651609 0.621192 0.0829611 0.234541 0.299198
