4 0.0945077 0.803556 0.125133 0.392146 0.964352
14 0.663866 0.395095 0.346385 0.499131 0.891347
4 0.292712 0.612468 0.0640273 0.196771 0.87223
14 0.792142 0.572911 0.410903 0.848977 0.844699
14 0.109137 0.495326 0.218275 0.56515 0.8264
4 0.471451 0.660663 0.080077 0.37952 0.823585
4 0.431826 0.574959 0.0470423 0.299401 0.750206
14 0.803187 0.170663 0.2853 0.341326 0.538297
10 0.44373 0.739231 0.88084 0.520729 0.490911
8 0.812278 0.491514 0.181837 0.326367 0.303422
14 0.864956 0.0943796 0.161186 0.188759 0.29962
