14 0.414123 0.375639 0.0755198 0.275858 0.946911
14 0.901512 0.593958 0.191153 0.284574 0.937947
14 0.634914 0.434565 0.131736 0.319949 0.912518
8 0.100917 0.598234 0.0981132 0.255477 0.834348
8 0.175825 0.65316 0.101662 0.286289 0.776348
14 0.555132 0.784744 0.429629 0.418025 0.772176
14 0.572614 0.358591 0.068887 0.290073 0.697521
8 0.52544 0.877177 0.339193 0.242706 0.692893
14 0.125551 0.380172 0.100523 0.285603 0.646494
8 0.276872 0.705269 0.169704 0.299786 0.516691
8 0.319583 0.812897 0.130142 0.368504 0.510938
14 0.0595332 0.371064 0.0722545 0.266502 0.487709
3 0.525806 0.501893 0.940659 0.996214 0.485708
14 0.264911 0.498072 0.158324 0.290435 0.445456
10 0.44922 0.558796 0.364109 0.203681 0.425709
10 0.817368 0.820324 0.360744 0.354912 0.354535
8 0.471197 0.817559 0.428219 0.362611 0.345269
8 0.7528 0.609242 0.124576 0.109706 0.311766
14 0.975336 0.409285 0.0474987 0.30755 0.264973
