14 0.118892 0.512758 0.236926 0.421741 0.94089
14 0.579674 0.649314 0.468212 0.698757 0.940424
8 0.864601 0.821997 0.198458 0.351757 0.910258
14 0.270744 0.373319 0.182728 0.402465 0.910122
14 0.466272 0.334032 0.147613 0.28404 0.910016
14 0.624008 0.236949 0.123508 0.131446 0.891544
14 0.791158 0.441354 0.199074 0.438051 0.890167
14 0.865194 0.318478 0.106909 0.258738 0.886209
14 0.541436 0.267864 0.0679519 0.181187 0.840242
10 0.408972 0.650006 0.817872 0.699988 0.737889
10 0.264642 0.689417 0.529284 0.616374 0.529976
