1 0.606625 0.656274 0.11039 0.49053 0.928216
1 0.780555 0.741615 0.0757477 0.462233 0.92623
1 0.425619 0.572519 0.197442 0.388468 0.922941
14 0.219556 0.406319 0.0989217 0.770125 0.921776
14 0.451609 0.461294 0.121534 0.665084 0.917528
14 0.136604 0.342353 0.111585 0.654008 0.915568
14 0.812665 0.599207 0.0887318 0.728474 0.906353
14 0.888986 0.663478 0.0993702 0.667202 0.896931
14 0.63598 0.538368 0.108038 0.713319 0.895147
1 0.143094 0.568681 0.0726281 0.43876 0.891135
14 0.682581 0.549099 0.0945631 0.709424 0.882714
13 0.892084 0.1574 0.0582939 0.239065 0.854827
14 0.893388 0.140127 0.0603062 0.265168 0.836605
