8 0.336869 0.375116 0.233402 0.349864 0.974938
8 0.65426 0.745648 0.334555 0.503701 0.947921
8 0.305715 0.770152 0.604194 0.454813 0.947747
8 0.896627 0.505553 0.129332 0.254506 0.937195
8 0.809657 0.663189 0.253615 0.457888 0.932256
8 0.696691 0.336976 0.268128 0.324941 0.926998
8 0.335304 0.177439 0.168171 0.354878 0.919937
8 0.491684 0.439264 0.296035 0.40653 0.917001
8 0.147077 0.717477 0.29382 0.551461 0.866725
10 0.603344 0.492231 0.519139 0.400715 0.452205
8 0.690994 0.281622 0.263158 0.219355 0.368247
