17 0.466565 0.503177 0.153227 0.17633 0.965149
8 0.802521 0.483011 0.0468126 0.0588905 0.963274
17 0.1277 0.504786 0.152669 0.212642 0.955283
8 0.914257 0.68989 0.164472 0.353731 0.930997
8 0.209561 0.738342 0.213975 0.356575 0.918241
10 0.797529 0.696664 0.39988 0.457257 0.9165
8 0.592177 0.529476 0.0849574 0.197376 0.906832
8 0.320407 0.559943 0.101076 0.164763 0.896675
8 0.648922 0.593573 0.118172 0.275813 0.876011
8 0.765514 0.69653 0.148097 0.377804 0.867696
8 0.696898 0.645535 0.122327 0.32682 0.846102
8 0.843767 0.644904 0.107231 0.335021 0.822935
8 0.665868 0.616633 0.148507 0.307084 0.629086
