8 0.150703 0.869297 0.170926 0.239581 0.947649
8 0.870997 0.910597 0.165263 0.174872 0.947026
14 0.588792 0.581937 0.0982336 0.335965 0.941832
8 0.494436 0.918102 0.170049 0.157761 0.937231
8 0.31864 0.874265 0.167882 0.244438 0.931353
8 0.828215 0.687564 0.0997233 0.223614 0.929772
8 0.0760087 0.917021 0.149335 0.160666 0.924897
14 0.408096 0.596068 0.0764206 0.364173 0.917966
8 0.273333 0.919591 0.174981 0.15635 0.914048
14 0.48928 0.582682 0.0880325 0.332461 0.913769
8 0.648008 0.865042 0.137027 0.261394 0.906361
14 0.249325 0.587879 0.0947244 0.37518 0.902284
8 0.5014 0.862551 0.142591 0.245626 0.899526
14 0.163143 0.583977 0.103521 0.342015 0.899506
14 0.0837021 0.619383 0.0789446 0.421566 0.895692
14 0.689678 0.575085 0.0882609 0.336732 0.891558
14 0.853494 0.488258 0.096582 0.190733 0.884452
