14 0.619607 0.624107 0.179903 0.253457 0.939089
14 0.117068 0.560872 0.105913 0.371968 0.924606
14 0.305532 0.532824 0.112346 0.313946 0.914293
14 0.473991 0.519029 0.0372722 0.24681 0.899743
14 0.412606 0.448324 0.0734381 0.366592 0.899194
14 0.744034 0.548979 0.0843727 0.335413 0.89607
14 0.216674 0.472404 0.0845898 0.404401 0.891753
14 0.304331 0.621873 0.189533 0.28027 0.889528
14 0.507584 0.534034 0.0435896 0.229261 0.887824
14 0.60005 0.505138 0.0690593 0.257086 0.88324
14 0.738544 0.351965 0.0652302 0.227817 0.874431
14 0.166885 0.455321 0.0589337 0.396397 0.867046
14 0.657409 0.443177 0.0498002 0.380832 0.863512
14 0.350859 0.465152 0.0527927 0.351564 0.860797
14 0.79846 0.448916 0.0730798 0.401381 0.84465
14 0.597935 0.356854 0.0528383 0.234725 0.828077
14 0.469002 0.459363 0.074512 0.358028 0.808197
14 0.5205 0.450115 0.0690254 0.360976 0.31533
