16 0.129299 0.623255 0.0777923 0.185231 0.933443
16 0.37644 0.727027 0.112439 0.249792 0.931962
16 0.453618 0.699789 0.0791954 0.210837 0.928777
16 0.694682 0.701064 0.132426 0.181372 0.928476
16 0.238676 0.769932 0.103976 0.168796 0.928027
16 0.249477 0.667936 0.160998 0.191782 0.925419
16 0.871577 0.734963 0.108126 0.1723 0.921926
16 0.581619 0.745247 0.112972 0.2169 0.917543
16 0.0517161 0.762217 0.069606 0.173239 0.912043
16 0.581276 0.587788 0.0904055 0.123343 0.907413
16 0.50776 0.710359 0.0339888 0.115803 0.311206
