14 0.13092 0.847607 0.26184 0.300933 0.931629
14 0.915598 0.421187 0.0809391 0.325582 0.915694
1 0.469877 0.50184 0.153357 0.133812 0.913737
1 0.69898 0.482483 0.16808 0.144905 0.913041
1 0.308637 0.502888 0.166573 0.13776 0.910791
14 0.545746 0.436639 0.065377 0.229154 0.898153
14 0.291298 0.462739 0.0727783 0.207398 0.893498
14 0.485348 0.407821 0.0519661 0.150429 0.870669
14 0.683567 0.432882 0.0565889 0.239149 0.8692
14 0.447321 0.47413 0.0554624 0.193681 0.810581
14 0.322239 0.454079 0.0537349 0.237889 0.386677
6 0.446067 0.475012 0.374739 0.16456 0.365396
