10 0.439637 0.846247 0.646869 0.307506 0.957336
14 0.368789 0.567168 0.221795 0.277028 0.933189
14 0.536043 0.36432 0.302797 0.397481 0.924409
14 0.595172 0.571703 0.264479 0.333334 0.919826
14 0.159568 0.632458 0.202316 0.363275 0.900989
14 0.796016 0.701588 0.197048 0.560586 0.900072
14 0.636395 0.415288 0.0832979 0.218131 0.885239
14 0.305627 0.415234 0.0789877 0.277511 0.884092
4 0.373844 0.663061 0.0336509 0.0777371 0.847892
4 0.412259 0.702621 0.031844 0.100841 0.813113
8 0.912183 0.801387 0.083606 0.397225 0.497611
