6 0.88878 0.807835 0.219447 0.381888 0.940669
14 0.136309 0.659981 0.0451617 0.195644 0.92119
14 0.0381977 0.654545 0.0639004 0.19793 0.904818
14 0.109184 0.336007 0.0776695 0.173796 0.903345
14 0.493785 0.706638 0.105435 0.440575 0.902043
14 0.401531 0.694559 0.0947723 0.442717 0.900081
14 0.0975411 0.657915 0.039789 0.196197 0.887191
6 0.70982 0.748641 0.397577 0.348323 0.886922
14 0.32177 0.682002 0.0991546 0.508617 0.880744
14 0.598675 0.727324 0.107333 0.514875 0.867484
6 0.887327 0.671108 0.10696 0.0657851 0.813293
1 0.175394 0.683888 0.0599332 0.133974 0.341475
