4 0.591689 0.436326 0.138269 0.789828 0.947713
4 0.449372 0.44715 0.156418 0.839718 0.941688
4 0.296621 0.456139 0.156736 0.855005 0.933979
4 0.819146 0.415235 0.124174 0.735612 0.906077
4 0.134874 0.477383 0.183194 0.908082 0.905861
4 0.37713 0.25129 0.0691346 0.438816 0.876877
4 0.926595 0.39673 0.114579 0.697843 0.874866
4 0.520977 0.23508 0.0683138 0.391647 0.847081
4 0.219468 0.262969 0.0671631 0.459493 0.812841
4 0.704487 0.42317 0.125009 0.769341 0.74947
4 0.756776 0.210369 0.0411276 0.365737 0.434382
