12 0.308008 0.702452 0.454539 0.484752 0.966577
12 0.738553 0.62237 0.116984 0.337878 0.939779
14 0.618112 0.663215 0.118159 0.46015 0.923932
14 0.279655 0.517059 0.0849036 0.327946 0.916352
14 0.787343 0.679333 0.0633494 0.289135 0.894957
6 0.797214 0.472495 0.0530997 0.0516261 0.89371
6 0.562962 0.451565 0.0759663 0.0388254 0.884855
6 0.732428 0.478854 0.0504894 0.0445572 0.880985
6 0.87485 0.473511 0.0583355 0.0467277 0.874246
14 0.882656 0.640944 0.0586121 0.32575 0.840893
14 0.832503 0.621274 0.0778849 0.364809 0.831559
6 0.673481 0.468392 0.0730122 0.0548817 0.810745
