14 0.343783 0.70078 0.160197 0.454338 0.945822
14 0.169419 0.665705 0.225413 0.579267 0.939583
14 0.745168 0.769597 0.177061 0.34501 0.921182
14 0.615889 0.773601 0.175356 0.370807 0.911238
14 0.412558 0.593728 0.0913208 0.349724 0.910021
14 0.51117 0.351056 0.100091 0.330321 0.904805
14 0.681055 0.375473 0.110947 0.348721 0.901283
14 0.842227 0.385486 0.152185 0.500717 0.89868
14 0.376529 0.381301 0.07343 0.289766 0.896123
14 0.592018 0.403105 0.086437 0.370367 0.895383
14 0.504379 0.680876 0.18295 0.409853 0.893725
14 0.232334 0.535529 0.139809 0.286777 0.893275
14 0.63733 0.651122 0.138413 0.305827 0.892005
19 0.927181 0.555117 0.1421 0.376109 0.883205
14 0.439586 0.385496 0.0791592 0.345108 0.882636
14 0.737806 0.308988 0.08857 0.25001 0.869276
14 0.288014 0.406425 0.112049 0.134447 0.840369
14 0.273966 0.47211 0.086208 0.154706 0.826214
14 0.281729 0.421054 0.102495 0.107497 0.715853
14 0.745632 0.572444 0.138095 0.459763 0.710204
14 0.313868 0.410348 0.0624191 0.13214 0.424055
