14 0.298109 0.599998 0.281025 0.602244 0.929574
10 0.816221 0.839256 0.353215 0.305317 0.917753
8 0.290119 0.837162 0.211143 0.322158 0.911765
15 0.0885706 0.678147 0.176765 0.367636 0.908915
14 0.583642 0.641796 0.128282 0.700425 0.89806
14 0.683697 0.551923 0.0807289 0.0940917 0.888354
14 0.494639 0.651191 0.110447 0.516192 0.822869
14 0.427954 0.596049 0.047962 0.381227 0.810852
14 0.393004 0.643756 0.104009 0.5702 0.809664
14 0.314974 0.597092 0.0703401 0.578937 0.735092
14 0.426311 0.653913 0.0464174 0.540111 0.545501
14 0.328203 0.625355 0.0986017 0.535763 0.390235
