10 0.398725 0.811542 0.555955 0.36944 0.919768
14 0.638565 0.358122 0.158434 0.237681 0.916761
14 0.713753 0.686315 0.359999 0.619521 0.915249
14 0.634534 0.619131 0.193722 0.389291 0.908549
14 0.578839 0.512143 0.12762 0.26301 0.907563
14 0.385897 0.489663 0.158437 0.195696 0.906708
14 0.41526 0.374516 0.125864 0.289171 0.899178
4 0.296493 0.567946 0.0524988 0.149067 0.896887
4 0.388135 0.669937 0.0432663 0.192798 0.896598
14 0.130944 0.36837 0.20803 0.331734 0.895334
14 0.506366 0.490393 0.0833113 0.166518 0.894434
14 0.337344 0.364167 0.180164 0.203442 0.891276
4 0.456194 0.593884 0.0524502 0.185392 0.8774
4 0.339431 0.591437 0.0491865 0.110764 0.876887
14 0.101002 0.648033 0.189267 0.457542 0.872209
4 0.334175 0.715519 0.0356928 0.154792 0.865188
14 0.265501 0.508119 0.119025 0.223694 0.845029
14 0.192851 0.553723 0.134377 0.284561 0.837308
14 0.514979 0.36494 0.329091 0.300689 0.594164
8 0.133279 0.86619 0.264566 0.263256 0.354129
