4 0.444268 0.802264 0.143799 0.322092 0.925643
4 0.294126 0.800993 0.154405 0.321038 0.923766
4 0.749393 0.818794 0.153292 0.340254 0.921075
4 0.764736 0.235265 0.159859 0.444327 0.917884
4 0.757279 0.530203 0.142021 0.375092 0.917694
4 0.439068 0.532371 0.142466 0.371623 0.909737
4 0.29012 0.238849 0.161832 0.42196 0.903632
4 0.289091 0.529229 0.166908 0.36908 0.89863
4 0.284762 0.95239 0.114718 0.0914166 0.896105
4 0.592251 0.534102 0.143309 0.38397 0.887207
4 0.442665 0.243295 0.149659 0.429584 0.882484
4 0.429782 0.96003 0.0876053 0.0751627 0.87229
4 0.580321 0.963108 0.0889727 0.0683201 0.868432
4 0.597 0.236802 0.151774 0.425887 0.826448
