14 0.565928 0.598339 0.65533 0.803322 0.946121
14 0.897744 0.710154 0.20002 0.557173 0.944738
4 0.163428 0.746228 0.039201 0.139826 0.93992
4 0.250504 0.744272 0.0379121 0.141241 0.923325
4 0.0730838 0.748974 0.04506 0.140526 0.922063
4 0.280051 0.742213 0.0370113 0.139453 0.914448
4 0.309219 0.736004 0.0375411 0.14391 0.910638
4 0.396574 0.736493 0.0379863 0.14332 0.904641
4 0.339774 0.735913 0.035663 0.143599 0.900595
4 0.103348 0.747411 0.0379668 0.140829 0.892984
4 0.486108 0.734976 0.0348179 0.144032 0.892682
4 0.13105 0.747817 0.03621 0.138522 0.889195
4 0.220295 0.741946 0.0332522 0.141596 0.886095
4 0.0444675 0.750035 0.0396943 0.140313 0.88162
4 0.640753 0.20426 0.0330954 0.121495 0.880494
4 0.455273 0.734277 0.0338856 0.143644 0.875712
4 0.425857 0.733985 0.0312283 0.146015 0.873185
4 0.191006 0.745162 0.0363452 0.139111 0.868205
4 0.0175811 0.750039 0.0351621 0.139601 0.864494
4 0.368265 0.736779 0.0337829 0.141509 0.856545
4 0.382613 0.736398 0.0521886 0.142538 0.483712
4 0.157765 0.697327 0.0248075 0.0482361 0.304636
