13 0.16331 0.582359 0.234564 0.267359 0.941469
15 0.931558 0.868543 0.131109 0.15349 0.936123
13 0.637151 0.511301 0.126966 0.152424 0.924412
15 0.769624 0.606604 0.116429 0.143088 0.90638
15 0.859667 0.612553 0.132394 0.171985 0.901665
14 0.487249 0.53523 0.174915 0.413034 0.897207
14 0.42112 0.417321 0.0497088 0.0917372 0.885125
15 0.338866 0.492445 0.0600758 0.0601391 0.880258
15 0.306722 0.558313 0.0974518 0.0880676 0.863838
15 0.9663 0.962033 0.0621699 0.0685475 0.752231
15 0.964419 0.929357 0.0655766 0.141285 0.747207
