15 0.144557 0.923462 0.121888 0.144745 0.927249
15 0.652932 0.406014 0.0730906 0.0929243 0.924791
15 0.928078 0.704778 0.139598 0.298181 0.922653
15 0.061336 0.385196 0.121984 0.221932 0.916136
15 0.411977 0.392906 0.111523 0.147695 0.913404
15 0.52396 0.378245 0.142679 0.167307 0.913195
15 0.156508 0.422402 0.108969 0.133216 0.912761
15 0.822931 0.793278 0.104192 0.179589 0.909265
15 0.252008 0.350561 0.117509 0.0941624 0.906061
15 0.521475 0.918318 0.0913837 0.154467 0.904326
15 0.795711 0.382694 0.0918837 0.113304 0.888547
15 0.887349 0.368009 0.0897093 0.137904 0.886417
15 0.687497 0.856355 0.068965 0.156071 0.882569
15 0.351236 0.69154 0.582451 0.578938 0.870404
15 0.600203 0.764753 0.119233 0.223917 0.868858
15 0.760315 0.72612 0.177247 0.384689 0.330415
