3 0.854351 0.29654 0.284735 0.112178 0.938776
3 0.439502 0.201646 0.228078 0.0553364 0.924616
3 0.0753788 0.240264 0.150426 0.104405 0.923326
3 0.388009 0.276563 0.156849 0.0811098 0.909909
3 0.492611 0.179875 0.378296 0.0843072 0.908955
3 0.499111 0.845716 0.990998 0.299312 0.906345
14 0.259259 0.618297 0.167251 0.225724 0.906184
14 0.584551 0.637061 0.124124 0.20279 0.90139
3 0.560291 0.689893 0.867728 0.227524 0.888363
14 0.434433 0.415542 0.0664375 0.134856 0.868807
14 0.741922 0.420763 0.0681943 0.125748 0.864572
3 0.602042 0.48884 0.782678 0.19198 0.862141
3 0.146159 0.170961 0.0891175 0.0409622 0.29544
3 0.70626 0.471831 0.531276 0.156199 0.281805
