2 0.577135 0.853347 0.0660997 0.0582147 0.945865
2 0.364536 0.744779 0.0453459 0.0450875 0.943173
2 0.837142 0.812893 0.0531048 0.0579204 0.918744
2 0.585901 0.70634 0.0329075 0.0436347 0.904412
2 0.657841 0.818491 0.0518186 0.0459623 0.902306
2 0.17312 0.70246 0.0393147 0.0439156 0.893869
2 0.627789 0.709269 0.0399648 0.0433248 0.891423
2 0.89318 0.727077 0.0390454 0.0416739 0.877856
2 0.930444 0.773868 0.0434044 0.0477042 0.86564
2 0.292531 0.674825 0.0418644 0.0487018 0.829787
2 0.213967 0.725319 0.0400426 0.0400265 0.82218
2 0.944509 0.778761 0.0568646 0.043533 0.809363
2 0.0633488 0.686986 0.0390571 0.0467715 0.792008
2 0.52756 0.235313 0.0803136 0.0767773 0.736917
2 0.653789 0.713498 0.044813 0.0352201 0.663884
2 0.104708 0.671801 0.0626468 0.0669353 0.639342
2 0.867259 0.7089 0.0202568 0.0565892 0.467686
2 0.658716 0.716442 0.0328257 0.0333133 0.463736
2 0.03412 0.657332 0.0207368 0.0628416 0.409679
2 0.11715 0.681226 0.0391079 0.0399618 0.36685
2 0.233652 0.651514 0.0441484 0.042737 0.358003
2 0.641722 0.710745 0.0654522 0.0370324 0.340174
2 0.358057 0.743519 0.0449465 0.0369492 0.333622
2 0.106341 0.678132 0.0589843 0.0476742 0.312823
2 0.868803 0.713551 0.016069 0.0557735 0.285515
