2 0.519064 0.856211 0.154077 0.206402 0.93223
2 0.0463661 0.705606 0.0926381 0.124066 0.926945
2 0.0344771 0.340685 0.0689541 0.134292 0.924643
2 0.166584 0.513469 0.146653 0.131947 0.914279
2 0.774304 0.455223 0.0760184 0.138053 0.896964
2 0.426986 0.522597 0.152794 0.119101 0.892096
2 0.707506 0.684643 0.0751251 0.181444 0.891368
2 0.942247 0.622857 0.111821 0.0632711 0.887997
2 0.380347 0.373401 0.193752 0.107838 0.887472
2 0.872117 0.180424 0.162391 0.133867 0.88105
2 0.542157 0.0885792 0.101792 0.103577 0.874536
2 0.360571 0.689272 0.191441 0.138751 0.87288
2 0.239213 0.296964 0.161618 0.104002 0.841541
