0 0.325734 0.374133 0.101954 0.0899778 0.957086
0 0.293578 0.305365 0.109699 0.0932451 0.955589
0 0.345404 0.269765 0.103119 0.0845811 0.942996
0 0.385701 0.330842 0.10543 0.0972804 0.902396
3 0.877365 0.873935 0.204462 0.112437 0.899031
3 0.177598 0.867104 0.239104 0.110118 0.898989
3 0.566745 0.87491 0.147126 0.0955927 0.8905
3 0.695134 0.872644 0.148635 0.10508 0.881226
3 0.400095 0.870817 0.145736 0.103292 0.866072
0 0.341848 0.28472 0.0962828 0.0547337 0.723103
0 0.291835 0.315068 0.0984573 0.0668062 0.382612
