4 0.657172 0.10378 0.0736335 0.207561 0.911568
14 0.193699 0.0714187 0.0805048 0.139896 0.911242
4 0.791677 0.105654 0.0747306 0.211307 0.904509
4 0.857581 0.107479 0.070618 0.213657 0.898747
4 0.723989 0.10785 0.0649399 0.215541 0.876992
14 0.353614 0.0662982 0.0466393 0.130921 0.874546
4 0.931637 0.115445 0.0809761 0.224417 0.870465
4 0.609497 0.102751 0.0619598 0.205501 0.856431
4 0.559153 0.101106 0.0386261 0.202211 0.819085
4 0.321287 0.0882155 0.0225668 0.0995902 0.773627
4 0.538921 0.109414 0.0529172 0.179783 0.370474
4 0.354274 0.0658369 0.047171 0.131674 0.254777
