1 0.634442 0.634973 0.133201 0.269715 0.951679
1 0.786363 0.675329 0.146133 0.339117 0.948646
1 0.346112 0.589302 0.156293 0.307897 0.91963
14 0.238735 0.451233 0.117867 0.448769 0.915956
14 0.628575 0.487703 0.111188 0.270103 0.901468
14 0.33485 0.430858 0.0817921 0.281928 0.898644
1 0.623315 0.261746 0.0632504 0.116095 0.896527
14 0.890705 0.51685 0.0805103 0.33473 0.890462
14 0.543572 0.46289 0.0608447 0.264664 0.86562
14 0.924117 0.539618 0.140444 0.461339 0.857525
6 0.593363 0.425612 0.204405 0.243104 0.582209
