13 0.146016 0.849702 0.1009 0.253338 0.934262
6 0.847441 0.862098 0.301375 0.271964 0.927431
6 0.821536 0.100227 0.139753 0.200453 0.922389
6 0.870705 0.597481 0.250717 0.292144 0.92167
6 0.600175 0.325665 0.160963 0.208031 0.920086
6 0.0422595 0.396946 0.0843199 0.179221 0.916739
13 0.522949 0.574724 0.108521 0.207866 0.914749
6 0.144648 0.307811 0.198166 0.20205 0.913768
6 0.974023 0.128855 0.047572 0.157825 0.907766
6 0.884394 0.293777 0.171887 0.210737 0.906333
6 0.32587 0.392706 0.204129 0.213083 0.905163
6 0.95037 0.0598358 0.0948128 0.118752 0.904672
6 0.932482 0.409562 0.130936 0.119257 0.902808
6 0.374114 0.290424 0.183519 0.231366 0.901295
14 0.167924 0.7625 0.12004 0.277489 0.900638
14 0.299832 0.496976 0.0955332 0.228649 0.896907
13 0.305614 0.553574 0.12343 0.179562 0.89517
6 0.91132 0.37901 0.174255 0.185601 0.893114
14 0.519117 0.517566 0.097559 0.227762 0.892136
6 0.86067 0.224288 0.149718 0.16677 0.883509
14 0.267673 0.19682 0.060145 0.0941424 0.875425
6 0.593648 0.237294 0.167957 0.154173 0.871539
6 0.623374 0.0628564 0.110591 0.125713 0.858189
6 0.596407 0.0855313 0.112163 0.131592 0.839917
5 0.414648 0.118114 0.277317 0.230393 0.765569
6 0.588127 0.167621 0.154779 0.127117 0.762027
13 0.267759 0.278214 0.0604836 0.116632 0.730371
6 0.641226 0.0562538 0.151872 0.112508 0.56955
6 0.642622 0.066527 0.0671202 0.12752 0.324749
