10 0.892537 0.215149 0.210201 0.0592356 0.992698
10 0.690507 0.16909 0.0810738 0.032411 0.980885
14 0.394879 0.545219 0.681585 0.448844 0.943582
14 0.688372 0.0804271 0.0616764 0.040284 0.909688
10 0.498251 0.728979 0.996503 0.533056 0.899536
14 0.835897 0.0711987 0.126643 0.0852679 0.870141
14 0.372719 0.110499 0.0713097 0.16478 0.869866
14 0.272081 0.119037 0.069844 0.158011 0.861481
14 0.641218 0.0840957 0.0510232 0.0238318 0.839443
14 0.745151 0.0941318 0.0584133 0.0486877 0.505752
14 0.744821 0.0844559 0.0563903 0.0299635 0.483902
10 0.685447 0.186602 0.0971832 0.0676245 0.368849
8 0.795062 0.663098 0.366336 0.256082 0.337571
