13 0.812575 0.631506 0.111928 0.193475 0.935606
6 0.436427 0.554147 0.641471 0.57003 0.935404
6 0.927395 0.571796 0.140507 0.284668 0.933376
6 0.10017 0.58704 0.200341 0.357523 0.917148
14 0.725783 0.428418 0.0718353 0.224923 0.911642
14 0.0344585 0.370079 0.0537609 0.120445 0.905979
14 0.611533 0.432999 0.0725935 0.230557 0.896467
14 0.857757 0.418429 0.0670332 0.241969 0.871611
14 0.151603 0.36839 0.0451588 0.077338 0.869577
14 0.98131 0.376106 0.0337915 0.127018 0.861135
14 0.927142 0.405824 0.0590925 0.189511 0.829908
14 0.893597 0.425047 0.0331696 0.198546 0.694618
