17 0.510044 0.602408 0.191344 0.197947 0.988613
8 0.504789 0.707016 0.13867 0.255092 0.928192
15 0.693015 0.41476 0.153534 0.185829 0.927664
8 0.736826 0.649453 0.15397 0.241447 0.913975
8 0.276765 0.657047 0.154275 0.233672 0.905341
8 0.698972 0.632427 0.132912 0.213194 0.901324
15 0.346619 0.588307 0.131116 0.195989 0.893267
15 0.336769 0.42107 0.228994 0.20202 0.892733
15 0.67155 0.553577 0.134857 0.145396 0.852742
15 0.598387 0.475016 0.0618317 0.0452509 0.754365
15 0.423269 0.47891 0.0517815 0.0597064 0.749403
