10 0.859028 0.639815 0.120306 0.0750825 0.965574
10 0.89499 0.721818 0.198841 0.098616 0.957018
10 0.486116 0.609418 0.0626131 0.0679575 0.941682
10 0.874874 0.630218 0.0852875 0.0562382 0.929393
10 0.863136 0.880668 0.269319 0.227664 0.924718
10 0.599911 0.748281 0.0843668 0.206368 0.922373
14 0.411083 0.821073 0.172861 0.355309 0.921558
14 0.212851 0.807378 0.127368 0.353429 0.917087
14 0.562564 0.707638 0.0985175 0.304293 0.911667
14 0.348532 0.683964 0.091097 0.141613 0.905408
14 0.701291 0.686958 0.0946465 0.26631 0.903904
14 0.630199 0.694248 0.0608417 0.289145 0.896077
14 0.836503 0.625762 0.0616638 0.121573 0.893655
14 0.512943 0.759803 0.104885 0.259985 0.876949
6 0.865631 0.538303 0.268739 0.109096 0.865734
10 0.291152 0.679056 0.0884646 0.100013 0.853756
14 0.767016 0.630726 0.0742255 0.158518 0.851147
14 0.575362 0.592688 0.0468149 0.119719 0.842476
14 0.98402 0.472702 0.0281353 0.0813933 0.827211
14 0.802529 0.578695 0.0467369 0.0559589 0.79844
14 0.450679 0.661504 0.0453617 0.0799997 0.79785
14 0.940461 0.622512 0.10465 0.118644 0.776507
10 0.893638 0.743262 0.204295 0.143574 0.708919
10 0.338817 0.797021 0.104372 0.0662588 0.695952
10 0.320913 0.797785 0.14659 0.0668259 0.648405
10 0.331056 0.779916 0.122521 0.058223 0.582502
10 0.884031 0.63808 0.0874153 0.0840307 0.568494
10 0.336888 0.782557 0.104831 0.0435798 0.560999
14 0.95403 0.608422 0.0821571 0.147535 0.416343
14 0.952477 0.559636 0.074564 0.0778709 0.39281
14 0.401978 0.694643 0.077529 0.095765 0.344305
10 0.856899 0.650626 0.127339 0.0630971 0.267389
