16 0.952411 0.556759 0.0911072 0.228468 0.941814
16 0.58997 0.153174 0.0679756 0.0766953 0.938281
16 0.0418635 0.295209 0.083727 0.307211 0.937855
16 0.275423 0.530556 0.490205 0.732299 0.934497
16 0.501693 0.24225 0.0699347 0.234733 0.929355
16 0.128924 0.2152 0.106337 0.151627 0.927705
16 0.246859 0.184064 0.137379 0.143225 0.926512
16 0.935773 0.332456 0.10752 0.21632 0.923576
16 0.543631 0.253635 0.0468893 0.219722 0.922441
16 0.745682 0.545325 0.434038 0.90861 0.916652
16 0.399545 0.127898 0.0878641 0.103532 0.880433
16 0.337048 0.14659 0.0493523 0.0638301 0.829249
