13 0.656039 0.0675172 0.0602812 0.0966072 0.962618
13 0.0557101 0.341198 0.11142 0.25761 0.950348
14 0.933856 0.211454 0.119148 0.422908 0.929906
13 0.58588 0.0521538 0.0822487 0.0944678 0.923985
13 0.371894 0.473799 0.530606 0.561988 0.923249
14 0.790064 0.196372 0.124438 0.392744 0.919938
13 0.0629464 0.11833 0.0765776 0.117867 0.916813
13 0.575329 0.640565 0.787813 0.711295 0.887104
14 0.494022 0.0977564 0.08491 0.191485 0.853513
14 0.959963 0.293808 0.0774155 0.571327 0.837555
13 0.067145 0.0886308 0.0917678 0.177262 0.612946
