4 0.295565 0.593221 0.140123 0.602807 0.924583
4 0.611097 0.896348 0.0964168 0.204098 0.914854
4 0.694088 0.882825 0.106527 0.224411 0.913151
4 0.40865 0.92758 0.108154 0.135746 0.911661
4 0.51098 0.914749 0.106906 0.163639 0.911067
4 0.0976175 0.860798 0.132563 0.270505 0.903494
4 0.724948 0.485266 0.167227 0.487654 0.902304
4 0.784399 0.864999 0.0906199 0.262356 0.90142
4 0.364734 0.300588 0.101626 0.20536 0.900975
4 0.486664 0.267937 0.0880209 0.170208 0.896959
4 0.291595 0.94414 0.113862 0.107114 0.896795
4 0.424039 0.554177 0.126332 0.559241 0.894398
4 0.0253518 0.890385 0.0507036 0.219231 0.893434
4 0.538092 0.5164 0.125141 0.530782 0.877635
4 0.0969956 0.563529 0.14199 0.346213 0.871084
4 0.720478 0.242089 0.103711 0.13851 0.861816
4 0.235735 0.496892 0.10386 0.546102 0.84241
4 0.0201162 0.568689 0.0402323 0.381586 0.831394
4 0.0213548 0.218501 0.0427096 0.437002 0.821204
4 0.630576 0.45563 0.105649 0.500887 0.818215
4 0.690869 0.824118 0.116122 0.109363 0.604657
4 0.103617 0.484241 0.172579 0.968483 0.589648
4 0.100985 0.207176 0.163765 0.414352 0.334496
