3 0.599559 0.582041 0.266505 0.597673 0.946056
3 0.188126 0.539942 0.304922 0.542263 0.944698
3 0.958547 0.496066 0.0796999 0.358809 0.933417
3 0.849288 0.629412 0.228803 0.639449 0.93261
3 0.0400088 0.458406 0.079718 0.190754 0.920121
14 0.949218 0.34598 0.0489307 0.067798 0.906802
14 0.917008 0.543066 0.0743069 0.125427 0.893282
14 0.775445 0.597268 0.0943929 0.175838 0.891775
14 0.756792 0.504329 0.0648375 0.116776 0.88436
14 0.923827 0.634342 0.0969727 0.183443 0.882907
14 0.901831 0.475453 0.0667721 0.128941 0.877899
14 0.727618 0.179724 0.039757 0.102657 0.869023
3 0.620621 0.208229 0.317962 0.108058 0.683302
3 0.830184 0.393126 0.121408 0.161226 0.345416
