8 0.496562 0.880785 0.259611 0.230429 0.946492
8 0.0313638 0.595939 0.0627277 0.128011 0.937126
14 0.750131 0.430043 0.276145 0.446743 0.933089
14 0.535493 0.403183 0.23137 0.362342 0.932505
14 0.194154 0.62463 0.353816 0.75074 0.929479
8 0.631381 0.377689 0.0628368 0.0500264 0.927561
8 0.866781 0.414137 0.0516733 0.0685507 0.913792
8 0.406367 0.461213 0.085377 0.159594 0.912648
8 0.181295 0.829972 0.359095 0.335983 0.892894
10 0.508371 0.736622 0.705343 0.513182 0.889264
8 0.291684 0.473058 0.0947501 0.0748147 0.834103
8 0.681176 0.388351 0.0407178 0.0508595 0.300725
