14 0.914728 0.373944 0.0457476 0.127545 0.93113
14 0.785699 0.34676 0.022207 0.0689054 0.878284
14 0.134171 0.400624 0.0375858 0.112409 0.843998
14 0.203623 0.420187 0.0542329 0.185081 0.825102
14 0.841668 0.344186 0.0228455 0.0748318 0.780701
6 0.508338 0.375213 0.220878 0.242101 0.640063
18 0.509568 0.375612 0.220517 0.243537 0.515726
18 0.252405 0.379072 0.47874 0.262519 0.502574
15 0.952417 0.292691 0.0318352 0.0666922 0.472458
15 0.0865366 0.296292 0.0655349 0.140216 0.345538
14 0.37262 0.515779 0.247643 0.508667 0.318351
18 0.786111 0.33482 0.422053 0.126961 0.277264
