6 0.223275 0.734498 0.263559 0.129789 0.917148
6 0.022227 0.73153 0.0397821 0.0703229 0.904997
6 0.113823 0.726716 0.167221 0.109515 0.891926
6 0.0381348 0.686407 0.0762696 0.0496424 0.888922
6 0.5385 0.707579 0.135316 0.0709641 0.877085
6 0.676615 0.707827 0.119808 0.0927341 0.86716
6 0.483696 0.695987 0.121773 0.0909838 0.862431
6 0.980541 0.697906 0.034481 0.0559387 0.856678
6 0.914142 0.680414 0.0566185 0.0478018 0.851042
6 0.414212 0.701826 0.0782671 0.061539 0.827397
6 0.759125 0.685998 0.0691667 0.0292889 0.785577
6 0.593092 0.680314 0.0746417 0.0434843 0.781876
6 0.873607 0.683188 0.0860908 0.0312881 0.771326
6 0.635345 0.693238 0.062442 0.0399827 0.645619
6 0.0365881 0.705484 0.0686102 0.0125575 0.572031
6 0.0329395 0.730747 0.0615671 0.0653828 0.55821
