1 0.912829 0.821676 0.171466 0.308814 0.94627
14 0.374304 0.691754 0.216954 0.60772 0.939121
4 0.491497 0.933786 0.0352215 0.121395 0.92937
14 0.768064 0.873409 0.212407 0.247089 0.922989
14 0.644496 0.656656 0.173336 0.679071 0.919105
14 0.908052 0.906469 0.175303 0.178741 0.916504
14 0.73998 0.572377 0.241337 0.646602 0.901727
14 0.579368 0.896644 0.166441 0.206184 0.892005
14 0.256459 0.657457 0.193931 0.674491 0.888049
14 0.13024 0.676459 0.179007 0.635886 0.885272
14 0.34186 0.460558 0.0361704 0.117775 0.876232
14 0.0412989 0.692861 0.0797955 0.59598 0.794986
