8 0.216993 0.53166 0.15748 0.205987 0.94916
8 0.767561 0.793783 0.446033 0.408692 0.924974
8 0.256098 0.760701 0.49093 0.470627 0.914245
8 0.874273 0.540778 0.158681 0.208944 0.914092
8 0.347449 0.31148 0.0627215 0.0463609 0.904352
14 0.914874 0.351047 0.164262 0.653995 0.903937
10 0.547711 0.701023 0.813522 0.597954 0.897524
8 0.763551 0.318374 0.0624959 0.053449 0.884773
8 0.798071 0.412791 0.0949012 0.152534 0.883949
8 0.303159 0.40684 0.0902181 0.157229 0.870534
10 0.544996 0.353183 0.494285 0.157865 0.824753
