14 0.632987 0.674467 0.727905 0.5387 0.938477
8 0.534448 0.682656 0.89413 0.631931 0.911472
8 0.523887 0.336301 0.0524635 0.0846317 0.909956
8 0.940308 0.376452 0.114848 0.104145 0.906654
8 0.579785 0.33026 0.066671 0.0786674 0.894895
8 0.17092 0.359316 0.102353 0.103819 0.894703
8 0.402177 0.3405 0.0867588 0.0893434 0.884152
8 0.671024 0.319773 0.0417779 0.0308705 0.857451
8 0.0222426 0.391278 0.0433708 0.0655536 0.832839
8 0.874345 0.342757 0.147176 0.0845457 0.829442
8 0.614432 0.333279 0.0787562 0.0785723 0.826036
8 0.764504 0.323236 0.0603647 0.0756846 0.783682
8 0.703132 0.309426 0.0410248 0.052017 0.70091
17 0.509747 0.645295 0.968277 0.564163 0.470582
