12 0.202477 0.537705 0.0656289 0.192248 0.937666
12 0.353936 0.550934 0.0989909 0.185681 0.935719
12 0.461224 0.594861 0.105361 0.357216 0.925597
14 0.207494 0.475699 0.0767909 0.172692 0.899864
12 0.558965 0.52957 0.119509 0.255933 0.886872
14 0.817891 0.600415 0.076231 0.307684 0.873242
14 0.532846 0.432031 0.0273281 0.0831978 0.858158
14 0.620113 0.562133 0.0671902 0.219183 0.832481
14 0.0630683 0.474366 0.0335481 0.0546281 0.798994
14 0.015035 0.474788 0.03007 0.0707235 0.79339
14 0.339073 0.476414 0.0589235 0.175739 0.780616
14 0.652806 0.547527 0.0523665 0.239637 0.765012
14 0.0585445 0.47715 0.0323784 0.0529284 0.510305
