19 0.839994 0.442038 0.150604 0.182958 0.925492
19 0.293768 0.306207 0.142281 0.185785 0.914689
19 0.389875 0.758638 0.172603 0.214766 0.913457
19 0.039657 0.904547 0.079314 0.059425 0.910129
19 0.137757 0.608405 0.145108 0.182871 0.907902
19 0.164613 0.897413 0.169842 0.103306 0.907502
19 0.873656 0.257867 0.159718 0.195625 0.907297
19 0.975106 0.629724 0.046001 0.208138 0.906208
19 0.564479 0.30819 0.129147 0.16923 0.902349
19 0.841411 0.768102 0.16325 0.143455 0.901882
19 0.035995 0.597452 0.07199 0.190223 0.901812
19 0.717682 0.274544 0.161096 0.198714 0.901419
19 0.160494 0.290777 0.142962 0.191598 0.900514
19 0.715325 0.624419 0.15271 0.205551 0.899718
19 0.53861 0.770227 0.136838 0.190807 0.899208
19 0.542575 0.928665 0.160573 0.139496 0.898928
19 0.432465 0.285512 0.143717 0.194506 0.898591
19 0.962574 0.798819 0.0701343 0.159338 0.893578
19 0.186293 0.780782 0.175233 0.17769 0.89346
19 0.700831 0.793534 0.133399 0.171294 0.889465
19 0.349475 0.910818 0.162779 0.111462 0.888466
19 0.168554 0.467855 0.140998 0.188069 0.888276
19 0.969086 0.468214 0.0579869 0.195646 0.885939
19 0.278805 0.623794 0.132583 0.194704 0.885541
19 0.0576275 0.298704 0.115255 0.210129 0.885077
19 0.855895 0.603441 0.135994 0.201313 0.884722
19 0.694232 0.46578 0.148627 0.194642 0.884608
19 0.434156 0.453512 0.146129 0.173268 0.88345
19 0.564523 0.477368 0.122437 0.177138 0.883316
19 0.413475 0.606681 0.152397 0.1864 0.880192
19 0.713824 0.947292 0.174165 0.10321 0.879466
19 0.0522729 0.788851 0.104285 0.191926 0.878566
19 0.556543 0.616899 0.147786 0.173593 0.876942
19 0.0520163 0.444775 0.104033 0.156769 0.868989
19 0.296474 0.465246 0.135596 0.143604 0.86275
19 0.865819 0.949486 0.126792 0.101028 0.859574
19 0.979883 0.277954 0.0372618 0.213567 0.795924
19 0.806656 0.902037 0.0686661 0.135826 0.77688
19 0.966524 0.892937 0.0659326 0.0476222 0.700148
19 0.629968 0.81772 0.0487988 0.270548 0.613224
19 0.970259 0.273808 0.0560968 0.221884 0.598511
19 0.709871 0.91468 0.123107 0.117266 0.440496
19 0.266774 0.906745 0.0608082 0.0776978 0.420575
19 0.954954 0.90319 0.0886459 0.0559044 0.401771
19 0.0401404 0.949728 0.0802808 0.100543 0.362371
19 0.0398307 0.917312 0.0796614 0.0809034 0.332362
19 0.966517 0.967946 0.0624605 0.0641071 0.320731
