14 0.127147 0.634568 0.253902 0.730863 0.943452
14 0.275079 0.46941 0.234087 0.468443 0.939754
10 0.477561 0.773712 0.649747 0.437108 0.921946
14 0.713553 0.578752 0.189568 0.421867 0.880995
4 0.435159 0.569632 0.0513548 0.134144 0.847917
4 0.471221 0.552371 0.0312697 0.127998 0.828378
14 0.810745 0.655266 0.37042 0.682603 0.754105
4 0.440885 0.483163 0.0219364 0.0392577 0.60915
4 0.435327 0.483481 0.0292532 0.0415219 0.470739
4 0.410452 0.549912 0.0239088 0.146571 0.402857
4 0.424256 0.561346 0.0427012 0.139909 0.345782
4 0.422974 0.482853 0.0240976 0.0403075 0.339147
14 0.774535 0.582521 0.303388 0.468783 0.250532
