8 0.310197 0.445191 0.0514684 0.131509 0.93346
8 0.95493 0.764198 0.0865938 0.173414 0.927452
8 0.718899 0.510339 0.0693142 0.115554 0.925622
8 0.867922 0.67247 0.0834366 0.140704 0.911594
8 0.750262 0.460226 0.0559555 0.0937229 0.907818
8 0.466349 0.536881 0.0586603 0.132796 0.904309
8 0.61145 0.845164 0.0813322 0.145569 0.89985
8 0.859112 0.580989 0.067563 0.12845 0.89916
8 0.430417 0.91525 0.0722644 0.162237 0.89803
8 0.339599 0.633908 0.0673759 0.144158 0.897932
8 0.371794 0.380616 0.0505631 0.109993 0.895086
8 0.509686 0.910479 0.0712161 0.167008 0.890584
8 0.488007 0.420564 0.0607127 0.123251 0.889551
8 0.547729 0.704266 0.0682159 0.144063 0.874836
8 0.742875 0.698684 0.072142 0.142742 0.87399
8 0.742589 0.388524 0.0585916 0.108431 0.873631
8 0.681131 0.773313 0.068091 0.14001 0.865318
8 0.649839 0.500646 0.0557232 0.126131 0.861776
8 0.824103 0.906308 0.0706848 0.121138 0.567533
