17 0.461658 0.531121 0.176931 0.1094 0.981058
15 0.740014 0.607068 0.380336 0.410739 0.958363
8 0.468919 0.872766 0.11746 0.246435 0.933257
8 0.549413 0.661663 0.120844 0.197181 0.931703
8 0.391598 0.665197 0.123484 0.192547 0.912897
15 0.236463 0.636915 0.101749 0.316185 0.910003
8 0.284372 0.590313 0.113307 0.154903 0.905397
15 0.308087 0.483877 0.104002 0.158405 0.899087
15 0.448641 0.534102 0.0525354 0.117521 0.770096
15 0.564722 0.494354 0.0409985 0.0363206 0.734038
10 0.674285 0.907103 0.419521 0.174898 0.725761
15 0.203289 0.846562 0.0963461 0.122564 0.420229
