10 0.462177 0.541304 0.095171 0.0716863 0.980129
14 0.288618 0.646464 0.416985 0.700284 0.9429
14 0.703618 0.495564 0.247328 0.494434 0.938949
8 0.917632 0.652616 0.0987354 0.182361 0.931484
15 0.467369 0.280567 0.0782284 0.0744753 0.923813
14 0.543728 0.503991 0.159272 0.359318 0.916692
14 0.511968 0.423288 0.0609482 0.118517 0.901375
14 0.295303 0.41708 0.0563372 0.0709816 0.896052
14 0.0970104 0.418975 0.118465 0.361744 0.894952
15 0.165274 0.474064 0.0630807 0.145763 0.883144
10 0.743902 0.861656 0.508864 0.273087 0.869565
15 0.564957 0.282779 0.0371353 0.0646713 0.844519
14 0.76725 0.406599 0.0402528 0.0559227 0.834973
8 0.705875 0.656185 0.35153 0.205027 0.718197
15 0.593365 0.293899 0.0240027 0.0432371 0.671307
8 0.202372 0.813695 0.404157 0.371586 0.6146
8 0.639186 0.658104 0.218443 0.205155 0.480987
