14 0.241703 0.512414 0.272018 0.766693 0.935064
11 0.440723 0.789846 0.181168 0.279298 0.933367
11 0.709334 0.810109 0.166652 0.296726 0.932688
11 0.262592 0.800003 0.180659 0.264335 0.924122
14 0.776402 0.537707 0.219623 0.696328 0.916908
11 0.0926488 0.840478 0.185298 0.247355 0.91493
6 0.836579 0.356228 0.0489624 0.0506724 0.892674
11 0.567667 0.722357 0.150171 0.433641 0.889315
14 0.482591 0.519736 0.251475 0.723055 0.888063
14 0.538083 0.255534 0.116287 0.25121 0.883711
6 0.972498 0.353412 0.0532573 0.0633494 0.873578
14 0.6536 0.320664 0.0666683 0.100236 0.856582
6 0.123224 0.329991 0.0624658 0.0495445 0.818011
14 0.597903 0.296977 0.0578541 0.145776 0.804256
