5 0.485264 0.44679 0.778351 0.708622 0.962165
14 0.386682 0.455286 0.0903272 0.150958 0.895473
14 0.114605 0.589512 0.0566031 0.242506 0.876683
14 0.489318 0.50077 0.0818821 0.119654 0.873877
14 0.3125 0.485357 0.0531671 0.158164 0.865916
14 0.165401 0.597036 0.0600264 0.302948 0.858846
14 0.0534658 0.495292 0.0279565 0.107453 0.766727
14 0.0782673 0.499114 0.0247484 0.0991857 0.76344
14 0.0341689 0.480418 0.0222081 0.0648505 0.630309
14 0.482054 0.526375 0.0766493 0.162056 0.520922
14 0.142438 0.601568 0.0428141 0.289767 0.412476
