8 0.243717 0.877266 0.222567 0.238989 0.92434
8 0.799449 0.64007 0.0634384 0.0767377 0.9234
14 0.905555 0.624245 0.185765 0.745384 0.918303
14 0.316123 0.728121 0.145112 0.414382 0.911358
8 0.661152 0.868369 0.177361 0.251798 0.910965
10 0.537795 0.792336 0.517551 0.396612 0.910316
14 0.268495 0.77257 0.235937 0.448932 0.900879
14 0.579512 0.48263 0.103759 0.245679 0.893883
14 0.406517 0.57774 0.0886489 0.182471 0.884808
14 0.91866 0.363455 0.0391472 0.0394613 0.876484
14 0.522733 0.560411 0.0814795 0.138756 0.87205
4 0.485396 0.64662 0.024517 0.113849 0.854397
14 0.520112 0.449418 0.0344719 0.100865 0.819399
8 0.800444 0.802159 0.047068 0.270162 0.7913
8 0.727976 0.814856 0.1239 0.278513 0.778188
4 0.603148 0.62095 0.0241434 0.105284 0.691636
8 0.483389 0.919892 0.183825 0.148253 0.638939
4 0.619533 0.566078 0.0273707 0.0684281 0.330456
