13 0.217801 0.799223 0.166106 0.163291 0.925281
14 0.502772 0.81403 0.0827257 0.203277 0.91207
15 0.0550903 0.834413 0.0516299 0.139002 0.911439
15 0.896692 0.925955 0.127013 0.142546 0.911279
15 0.387149 0.937546 0.15588 0.118369 0.91008
15 0.113637 0.790109 0.0444935 0.111469 0.903462
14 0.495479 0.726034 0.0689933 0.118105 0.901693
8 0.568036 0.819772 0.051423 0.129136 0.879437
3 0.514976 0.514498 0.953656 0.614482 0.860504
14 0.112242 0.691831 0.033533 0.11146 0.833334
14 0.137961 0.694686 0.0258713 0.0883472 0.805931
