3 0.500262 0.497693 0.999476 0.995385 0.957841
8 0.517965 0.886761 0.191148 0.224229 0.932239
8 0.366151 0.742372 0.129586 0.313937 0.922302
8 0.893567 0.844254 0.189504 0.305662 0.921555
8 0.722429 0.871463 0.198003 0.24356 0.920176
14 0.894583 0.66668 0.180607 0.359285 0.91314
14 0.523508 0.533402 0.0983311 0.195697 0.907725
14 0.896862 0.55308 0.130783 0.252021 0.901797
14 0.707242 0.755687 0.192851 0.426289 0.897289
14 0.732608 0.502855 0.112757 0.19305 0.896886
14 0.65332 0.445757 0.0526115 0.124676 0.89365
14 0.616952 0.492575 0.0923511 0.213678 0.889155
14 0.405631 0.686151 0.10467 0.440033 0.882881
14 0.951253 0.441148 0.0932804 0.184181 0.881175
14 0.530511 0.747972 0.183244 0.399834 0.870723
14 0.977963 0.443452 0.0399139 0.158508 0.859696
10 0.668477 0.651583 0.309221 0.205592 0.769142
10 0.693903 0.691918 0.350883 0.257228 0.524882
10 0.645704 0.676186 0.289955 0.234589 0.412425
10 0.701576 0.69729 0.259187 0.288106 0.269463
