10 0.545285 0.683829 0.677855 0.619226 0.944492
8 0.184334 0.846126 0.368668 0.301729 0.932668
14 0.289981 0.308436 0.26074 0.440323 0.92159
15 0.436729 0.213486 0.0583576 0.0892021 0.907386
8 0.158518 0.378854 0.100247 0.289194 0.894591
8 0.917384 0.602959 0.161462 0.656367 0.883312
14 0.129979 0.605161 0.245895 0.565116 0.855539
8 0.620981 0.358987 0.12007 0.0666397 0.831067
1 0.675329 0.155357 0.0566713 0.139215 0.75398
15 0.390652 0.239492 0.0626128 0.109538 0.680267
14 0.911335 0.550218 0.141964 0.578091 0.676131
