10 0.846716 0.826662 0.136977 0.0781388 0.997516
10 0.537062 0.913304 0.169377 0.0677419 0.960429
8 0.591896 0.851703 0.060358 0.092842 0.941094
10 0.486592 0.86869 0.144093 0.0442073 0.927132
8 0.64431 0.88193 0.0641255 0.102931 0.922134
14 0.951594 0.880356 0.0924992 0.236011 0.92171
8 0.169945 0.949195 0.144444 0.0957786 0.911668
8 0.393773 0.904017 0.101507 0.157242 0.908376
8 0.726241 0.932179 0.0759096 0.129678 0.887468
8 0.469489 0.955827 0.135852 0.0830094 0.884211
8 0.771828 0.860275 0.12819 0.131655 0.870999
8 0.42825 0.929413 0.117258 0.124025 0.866184
8 0.893865 0.935568 0.0871712 0.125923 0.820726
8 0.781233 0.964111 0.116636 0.0704537 0.820401
8 0.218041 0.920756 0.0924356 0.124903 0.794512
10 0.0972062 0.914311 0.140541 0.0590576 0.70514
8 0.841117 0.900048 0.0689797 0.151638 0.678204
10 0.522094 0.917116 0.167398 0.0856588 0.649797
10 0.603711 0.960907 0.198671 0.0741301 0.649553
10 0.519969 0.957054 0.231063 0.0797469 0.623649
10 0.511611 0.928486 0.215795 0.12657 0.606844
8 0.451297 0.93644 0.0971601 0.11995 0.563935
8 0.910068 0.932384 0.117311 0.130312 0.527196
8 0.201565 0.933192 0.103058 0.129182 0.516428
10 0.140249 0.941755 0.208806 0.0952052 0.463137
10 0.0503063 0.968726 0.0934244 0.0610399 0.26597
8 0.493751 0.942856 0.107252 0.10795 0.25932
