19 0.311755 0.629118 0.138405 0.165402 0.939127
15 0.196702 0.41089 0.198985 0.365699 0.933966
15 0.874461 0.498134 0.144604 0.246305 0.932394
15 0.504371 0.57673 0.0831621 0.108521 0.926546
15 0.315264 0.493484 0.0901755 0.153681 0.902586
15 0.634256 0.597374 0.0659047 0.096931 0.899263
15 0.840278 0.787573 0.174444 0.288193 0.891933
15 0.416593 0.572047 0.111204 0.10798 0.891672
15 0.688607 0.579886 0.0783181 0.147272 0.887315
15 0.701064 0.917982 0.164597 0.154489 0.852658
15 0.810937 0.795716 0.113615 0.269194 0.809617
15 0.663966 0.813309 0.0903023 0.143843 0.354974
