4 0.884315 0.408146 0.0554871 0.0878559 0.948573
14 0.313413 0.368023 0.196482 0.444603 0.932291
14 0.843058 0.331164 0.176711 0.433201 0.922278
14 0.584694 0.387891 0.201249 0.559707 0.903211
14 0.490803 0.21667 0.123385 0.130343 0.896201
14 0.767476 0.370717 0.265574 0.563894 0.895019
6 0.206798 0.219587 0.132982 0.0727631 0.890337
14 0.154137 0.254044 0.104909 0.170704 0.865802
14 0.874209 0.20863 0.0362696 0.0772594 0.760835
6 0.372101 0.131952 0.0613209 0.0216135 0.674608
14 0.883038 0.209089 0.0439334 0.0798795 0.465654
14 0.898294 0.211068 0.0218999 0.0649101 0.378369
