14 0.754752 0.469874 0.153385 0.307404 0.934452
14 0.84664 0.23893 0.136578 0.286307 0.926705
14 0.924015 0.72786 0.147541 0.54428 0.926213
14 0.260485 0.546279 0.266932 0.428462 0.926005
14 0.875826 0.542521 0.166249 0.360125 0.92493
14 0.5915 0.483715 0.192191 0.263222 0.924234
10 0.396961 0.831077 0.455722 0.332574 0.912929
14 0.448122 0.597364 0.264041 0.49059 0.908728
10 0.699667 0.780955 0.402879 0.431548 0.887594
4 0.792843 0.784681 0.0459525 0.261568 0.884467
4 0.333001 0.699187 0.0457976 0.222182 0.843715
14 0.237898 0.498864 0.181742 0.336669 0.452663
