14 0.693555 0.226347 0.31687 0.448287 0.933197
4 0.396793 0.344929 0.072653 0.0944673 0.932145
14 0.318697 0.503869 0.360936 0.952579 0.928794
4 0.397796 0.513223 0.0743185 0.311574 0.906916
4 0.127416 0.373191 0.0413039 0.152058 0.899245
4 0.16646 0.452139 0.0737203 0.191087 0.898661
14 0.116124 0.711407 0.231222 0.577186 0.866584
4 0.832684 0.341059 0.0515362 0.162202 0.865837
4 0.72667 0.354812 0.0389371 0.204194 0.802994
14 0.948985 0.142872 0.0988739 0.283589 0.727077
14 0.730093 0.497214 0.533473 0.994428 0.458853
4 0.690695 0.356264 0.11801 0.210545 0.40901
10 0.493923 0.683379 0.692928 0.624913 0.352762
