5 0.307878 0.53652 0.385964 0.171425 0.924313
5 0.872124 0.547739 0.25518 0.134034 0.919577
14 0.824836 0.746321 0.120794 0.181644 0.90139
14 0.947499 0.575152 0.0332576 0.0941696 0.881764
14 0.908068 0.585282 0.0361645 0.0942376 0.867311
14 0.0867018 0.601577 0.043165 0.194582 0.86024
14 0.737735 0.632866 0.0402629 0.0640277 0.853819
14 0.318698 0.639809 0.0422792 0.0857108 0.851659
14 0.98248 0.582263 0.0313883 0.0794342 0.831622
14 0.361555 0.64144 0.0320783 0.0907946 0.821271
5 0.873985 0.524612 0.248875 0.188812 0.626023
