14 0.239597 0.618919 0.0625474 0.237377 0.897771
14 0.553469 0.584849 0.054147 0.195011 0.895357
14 0.68213 0.565558 0.0574621 0.201766 0.889211
14 0.615464 0.579631 0.051678 0.198428 0.880127
14 0.418737 0.589874 0.0559885 0.220138 0.878173
1 0.874112 0.779001 0.110564 0.11875 0.877159
14 0.38642 0.710198 0.073742 0.185359 0.870915
1 0.834699 0.853769 0.162352 0.110065 0.855544
14 0.448591 0.596696 0.0499409 0.213931 0.84246
14 0.735907 0.546649 0.041633 0.19163 0.810347
14 0.505005 0.592928 0.0516111 0.184238 0.772505
