14 0.71753 0.532886 0.55536 0.934228 0.940542
8 0.158378 0.881728 0.310189 0.233521 0.896839
4 0.0916941 0.480156 0.0413935 0.16751 0.895175
4 0.377048 0.506072 0.0316729 0.133241 0.89059
4 0.153486 0.488763 0.0330457 0.156606 0.890006
4 0.203926 0.493317 0.0345626 0.155361 0.857722
4 0.0444659 0.43289 0.0534573 0.265391 0.851984
4 0.335173 0.499699 0.0295873 0.150836 0.816825
4 0.28921 0.499804 0.0261034 0.151889 0.816172
4 0.243524 0.493209 0.0331984 0.16029 0.792284
4 0.275514 0.499052 0.0400657 0.159712 0.305814
