3 0.160631 0.32376 0.0536121 0.0502665 0.935214
3 0.158068 0.744073 0.312803 0.198665 0.919769
3 0.764447 0.846111 0.212142 0.191298 0.91217
3 0.0920237 0.31031 0.0486908 0.0831953 0.912129
3 0.889659 0.197113 0.0943651 0.202178 0.890006
3 0.417901 0.798301 0.511918 0.194011 0.884563
3 0.695053 0.659431 0.298314 0.0933094 0.882577
3 0.815396 0.683832 0.263054 0.105104 0.875217
3 0.713977 0.277084 0.0539157 0.0481956 0.855301
3 0.684192 0.450331 0.147337 0.0814768 0.85514
3 0.397284 0.317249 0.0644559 0.0490239 0.84622
3 0.446966 0.336344 0.0827995 0.0478845 0.687937
3 0.524531 0.767253 0.289354 0.135136 0.671559
3 0.437099 0.330194 0.097001 0.0610515 0.543144
