14 0.404237 0.650663 0.370468 0.695686 0.947054
14 0.117042 0.617744 0.233942 0.764513 0.935422
14 0.751453 0.543 0.325101 0.905557 0.93396
14 0.612758 0.207241 0.138339 0.370629 0.932226
14 0.307545 0.550671 0.214623 0.612885 0.921247
14 0.789257 0.0988027 0.124581 0.197605 0.902992
4 0.529744 0.861651 0.0581648 0.224307 0.876377
4 0.114067 0.413188 0.0673689 0.21253 0.862868
14 0.873582 0.523313 0.24918 0.953375 0.769878
4 0.601195 0.24061 0.0310715 0.0645546 0.563987
4 0.59479 0.238799 0.0397982 0.066844 0.252647
