15 0.0367927 0.652869 0.0735853 0.233198 0.934822
17 0.75405 0.827311 0.485564 0.345379 0.930001
15 0.672136 0.354321 0.0539318 0.107637 0.92869
15 0.483594 0.343939 0.0551404 0.0564111 0.913354
15 0.64814 0.487076 0.0628108 0.101465 0.910966
15 0.546757 0.343404 0.0484387 0.0662143 0.908764
19 0.116783 0.668201 0.127342 0.168601 0.903265
15 0.330403 0.489208 0.0352281 0.108985 0.90234
15 0.467838 0.599495 0.0492525 0.166156 0.897166
15 0.610284 0.488261 0.0404767 0.105973 0.886324
15 0.506806 0.633136 0.0414533 0.0886914 0.88225
15 0.542841 0.603366 0.0552659 0.0914359 0.873914
15 0.337615 0.604531 0.0466482 0.10707 0.871453
15 0.41472 0.606214 0.030394 0.0970078 0.867751
15 0.658661 0.606915 0.0431776 0.0906848 0.867151
15 0.61179 0.606751 0.0432283 0.0994111 0.865512
15 0.487592 0.451525 0.0328537 0.0920998 0.862591
15 0.550221 0.457779 0.0321386 0.0836517 0.861371
15 0.692566 0.501091 0.0442861 0.0831885 0.852691
15 0.61842 0.358801 0.0567943 0.106533 0.85219
15 0.407425 0.367654 0.0413561 0.0912611 0.849479
15 0.373578 0.361572 0.0438549 0.10153 0.849233
15 0.417868 0.496259 0.0276155 0.0848971 0.821124
15 0.521101 0.451417 0.033057 0.0933756 0.820883
15 0.337401 0.366407 0.0338692 0.0985177 0.804742
15 0.367676 0.500703 0.0317933 0.0866186 0.804741
15 0.626471 0.60512 0.0437027 0.0914214 0.523775
15 0.340452 0.623597 0.040944 0.067899 0.443833
