14 0.86176 0.726039 0.272729 0.537996 0.928527
8 0.7534 0.607352 0.127476 0.115289 0.91615
8 0.491312 0.857798 0.301145 0.276912 0.913607
14 0.243613 0.466251 0.117278 0.226629 0.909396
8 0.398424 0.479687 0.0614955 0.0511937 0.904697
14 0.626391 0.433889 0.122593 0.315728 0.900257
14 0.572038 0.363265 0.0755154 0.295751 0.898164
14 0.125889 0.443267 0.0951647 0.411858 0.895165
8 0.180549 0.648735 0.108878 0.29193 0.893188
8 0.116162 0.593798 0.12313 0.246224 0.892512
14 0.411327 0.372554 0.081508 0.268881 0.891168
8 0.277586 0.722786 0.168159 0.326677 0.881558
14 0.550418 0.771566 0.421157 0.390952 0.881076
14 0.0599529 0.371671 0.0736294 0.26557 0.876404
8 0.549408 0.540097 0.103668 0.0699559 0.827883
8 0.350402 0.806739 0.192862 0.362132 0.811679
10 0.626001 0.717309 0.747998 0.554197 0.612299
10 0.806624 0.811371 0.379228 0.365999 0.376147
