15 0.922428 0.719929 0.149771 0.234426 0.938364
15 0.862701 0.934035 0.114025 0.105891 0.908947
15 0.951764 0.890541 0.0908323 0.13055 0.907213
15 0.757128 0.937961 0.125444 0.11111 0.897781
15 0.89213 0.453519 0.172963 0.127855 0.893681
4 0.112628 0.54788 0.0430413 0.0960533 0.892718
4 0.385815 0.538335 0.0427612 0.103347 0.877733
4 0.192263 0.54677 0.0432416 0.100987 0.86727
4 0.0767361 0.545689 0.0366254 0.0952484 0.864354
4 0.316096 0.547297 0.0441276 0.0926161 0.862156
4 0.481808 0.402269 0.0413029 0.0984383 0.848841
4 0.242971 0.544991 0.0399457 0.102355 0.841605
4 0.384033 0.41041 0.0456668 0.0931138 0.836999
4 0.586999 0.398063 0.0400627 0.110868 0.829269
4 0.423231 0.540602 0.0374642 0.103896 0.825056
4 0.434983 0.403235 0.0397343 0.103027 0.824224
4 0.514264 0.397611 0.0370526 0.106426 0.812811
4 0.62591 0.398001 0.0361132 0.104634 0.779552
4 0.269077 0.541318 0.0370214 0.106062 0.778814
4 0.340562 0.541559 0.036941 0.10354 0.693386
4 0.295336 0.541924 0.0273228 0.102207 0.688054
4 0.346842 0.539194 0.040588 0.104094 0.509125
4 0.331953 0.543644 0.029678 0.0996377 0.445718
4 0.255197 0.543761 0.0276286 0.104279 0.384016
4 0.541388 0.398582 0.0359792 0.105123 0.31689
4 0.627739 0.410733 0.0345975 0.0897475 0.264002
