16 0.299656 0.430207 0.0789089 0.068792 0.89569
16 0.941472 0.399052 0.0684878 0.076953 0.878498
16 0.704439 0.412345 0.0896373 0.0713903 0.854115
16 0.398738 0.430259 0.056313 0.0674936 0.831705
16 0.109276 0.375509 0.0742478 0.0558998 0.808146
16 0.56747 0.414167 0.075275 0.0755498 0.802866
16 0.241038 0.367812 0.072478 0.053707 0.802342
16 0.270858 0.383694 0.0508004 0.064922 0.780087
16 0.578622 0.359717 0.029212 0.0602453 0.644581
16 0.523302 0.309966 0.0216042 0.0469224 0.640028
16 0.30782 0.366252 0.0484812 0.0541172 0.505776
16 0.576585 0.345212 0.0344709 0.0558481 0.324943
