8 0.502875 0.760183 0.191876 0.403816 0.942447
8 0.613405 0.54168 0.130868 0.0829324 0.915262
8 0.8477 0.69188 0.285389 0.61041 0.910009
8 0.245526 0.661076 0.088364 0.271579 0.900447
10 0.484024 0.757745 0.717954 0.404305 0.899873
8 0.177543 0.632303 0.0762105 0.232809 0.895883
8 0.403155 0.529409 0.0817558 0.0628435 0.884101
8 0.355258 0.700606 0.151673 0.320633 0.883042
8 0.779128 0.58425 0.124756 0.137766 0.8748
8 0.1261 0.612681 0.0569141 0.20553 0.847143
8 0.506091 0.535464 0.0796773 0.067978 0.843834
8 0.332703 0.523356 0.0629167 0.0566228 0.766561
