3 0.0423716 0.68477 0.0847433 0.271816 0.948899
3 0.874146 0.781596 0.101085 0.0528376 0.941358
3 0.779183 0.768588 0.108772 0.0551647 0.93857
3 0.402892 0.772184 0.318816 0.294803 0.936844
3 0.95901 0.762288 0.077343 0.0558224 0.936069
3 0.281434 0.751551 0.122236 0.128602 0.912249
3 0.677542 0.701026 0.0959904 0.0536989 0.903477
3 0.572333 0.67335 0.0946823 0.129885 0.891699
3 0.595234 0.795462 0.104084 0.0565547 0.890503
3 0.653064 0.649843 0.117196 0.0551586 0.834612
3 0.382605 0.48686 0.652941 0.351362 0.816842
3 0.664884 0.680088 0.105809 0.0666649 0.51826
