13 0.49985 0.327894 0.0840801 0.228042 0.936207
14 0.416178 0.646121 0.23389 0.687297 0.930071
14 0.930695 0.336261 0.135169 0.669161 0.929862
13 0.819442 0.382602 0.141739 0.317202 0.921445
14 0.354516 0.29899 0.144588 0.417538 0.917147
13 0.583733 0.330786 0.130659 0.18639 0.914976
14 0.126501 0.32479 0.189053 0.409538 0.900943
6 0.242589 0.268914 0.177463 0.176331 0.894599
13 0.526631 0.595823 0.944478 0.808354 0.872435
6 0.435716 0.211899 0.0699352 0.0572773 0.871013
14 0.732694 0.194431 0.0461752 0.113098 0.865833
14 0.666851 0.217852 0.0674826 0.159031 0.838136
14 0.599127 0.244343 0.0485321 0.152635 0.837675
13 0.067393 0.586604 0.134113 0.585691 0.807267
