14 0.783467 0.605647 0.430281 0.788707 0.958784
10 0.467962 0.651266 0.608504 0.697469 0.952972
14 0.187123 0.560571 0.37405 0.877026 0.952274
14 0.313827 0.382434 0.239604 0.48907 0.933578
14 0.737312 0.263739 0.110748 0.313991 0.915916
14 0.441349 0.234997 0.176539 0.312913 0.91019
4 0.587617 0.42018 0.0481995 0.246302 0.904035
4 0.465966 0.594849 0.0753393 0.326635 0.899603
4 0.469166 0.373663 0.0513273 0.211164 0.865675
14 0.773074 0.397315 0.203241 0.426443 0.859037
14 0.798578 0.308397 0.14286 0.312861 0.827554
