14 0.245472 0.603538 0.09138 0.256182 0.921833
15 0.745464 0.590685 0.184239 0.379581 0.921689
14 0.489263 0.57968 0.149149 0.612676 0.908385
14 0.33572 0.548677 0.0788867 0.180985 0.899982
14 0.609153 0.567257 0.148488 0.643101 0.89624
14 0.152771 0.50247 0.0603048 0.138001 0.89523
14 0.394682 0.558914 0.115403 0.482199 0.882792
14 0.824872 0.556129 0.0559469 0.301369 0.863063
14 0.0997436 0.524907 0.0523077 0.194401 0.848721
15 0.161923 0.623554 0.0955386 0.155173 0.824972
6 0.0588931 0.558517 0.104699 0.131746 0.305519
