10 0.642501 0.769405 0.708729 0.455988 0.96076
14 0.22561 0.679291 0.45122 0.631158 0.95277
14 0.745359 0.445722 0.505815 0.609462 0.951687
14 0.939067 0.171515 0.118209 0.187217 0.914647
10 0.328634 0.456612 0.339296 0.399648 0.907359
14 0.143793 0.302619 0.183226 0.236806 0.904596
14 0.676113 0.203245 0.147037 0.307801 0.903992
8 0.698312 0.293698 0.0602849 0.101026 0.887513
4 0.567644 0.172512 0.146278 0.345024 0.883955
8 0.366301 0.27421 0.0635096 0.0744762 0.870692
10 0.82832 0.343792 0.34336 0.245386 0.833858
8 0.398492 0.468412 0.212328 0.390979 0.727973
