8 0.812337 0.484771 0.180457 0.325038 0.952019
14 0.108716 0.501777 0.216624 0.5807 0.936766
14 0.794071 0.576552 0.408093 0.843486 0.933569
14 0.864628 0.0941928 0.163459 0.188386 0.923407
4 0.291051 0.607518 0.0665265 0.203523 0.917622
14 0.665837 0.391261 0.348228 0.495623 0.915916
14 0.804553 0.171638 0.287945 0.343276 0.911672
4 0.46872 0.663236 0.0803149 0.367552 0.906372
4 0.0954512 0.803432 0.120592 0.385492 0.901616
4 0.438069 0.571608 0.058596 0.294439 0.882895
10 0.436503 0.787661 0.873006 0.418536 0.850078
