4 0.200979 0.653211 0.352396 0.685654 0.945845
4 0.553976 0.781773 0.354869 0.428079 0.941972
4 0.0885939 0.355816 0.176973 0.711632 0.921176
4 0.417046 0.5 0.287632 1 0.913016
4 0.681717 0.580176 0.338168 0.83818 0.905967
4 0.240583 0.174948 0.1879 0.349896 0.873496
4 0.821403 0.219214 0.278101 0.416509 0.779257
4 0.943652 0.568373 0.106564 0.836388 0.768355
4 0.866836 0.573475 0.25679 0.841078 0.749447
4 0.911983 0.573646 0.169107 0.83552 0.727536
4 0.552424 0.217744 0.165037 0.435487 0.724298
4 0.0396649 0.663133 0.0791587 0.275236 0.708158
4 0.807613 0.361532 0.198277 0.515191 0.597231
4 0.178409 0.784285 0.24079 0.411052 0.563982
4 0.966547 0.139769 0.0627561 0.279538 0.515514
4 0.81028 0.484065 0.203875 0.763222 0.417072
4 0.946442 0.426872 0.102757 0.592579 0.362507
