2 0.848312 0.652395 0.144664 0.325997 0.929525
2 0.180509 0.69056 0.14372 0.330506 0.924076
2 0.0805689 0.6337 0.138076 0.297982 0.909616
2 0.911753 0.619652 0.0872528 0.294442 0.907123
2 0.269195 0.738293 0.118733 0.318859 0.904034
2 0.562243 0.646601 0.0919359 0.337598 0.901522
2 0.252883 0.511673 0.0745001 0.136938 0.891433
2 0.557843 0.437284 0.0451472 0.106489 0.888786
2 0.366658 0.746408 0.160531 0.347104 0.886081
2 0.765467 0.576209 0.0918949 0.285116 0.885134
2 0.655387 0.691933 0.0753775 0.340636 0.884954
2 0.432157 0.530874 0.119553 0.221991 0.876151
2 0.323316 0.535357 0.106241 0.206726 0.871742
2 0.647338 0.557374 0.0983051 0.258615 0.864723
2 0.368089 0.494902 0.0955233 0.201079 0.842868
2 0.586733 0.522011 0.105948 0.274914 0.825838
2 0.480916 0.475099 0.0620075 0.192734 0.639019
14 0.0929898 0.103434 0.0711723 0.153155 0.570371
14 0.0362504 0.0955979 0.0550012 0.179538 0.529064
2 0.723934 0.553781 0.0488549 0.257871 0.515689
2 0.483917 0.506399 0.0553224 0.248359 0.417976
2 0.481498 0.431289 0.0554797 0.0975794 0.312992
2 0.58923 0.470795 0.107876 0.171632 0.260712
