10 0.72784 0.842857 0.542512 0.314083 0.944905
14 0.905253 0.736124 0.184646 0.344992 0.928474
14 0.705381 0.697119 0.112099 0.163997 0.904725
14 0.681869 0.550767 0.120857 0.337183 0.90388
14 0.399873 0.730713 0.182087 0.531554 0.903317
14 0.187645 0.659144 0.180206 0.681713 0.90331
14 0.571732 0.593606 0.116364 0.200721 0.896803
14 0.226243 0.462417 0.0704704 0.148413 0.87803
14 0.570927 0.628151 0.0784239 0.139833 0.876909
14 0.045041 0.531577 0.0897398 0.111481 0.868752
14 0.462041 0.57117 0.066709 0.130196 0.858204
14 0.509395 0.546426 0.0539247 0.0578879 0.292904
