14 0.186356 0.827381 0.160857 0.343789 0.929531
14 0.726653 0.518595 0.121095 0.344218 0.912405
14 0.309114 0.775458 0.138358 0.443233 0.912017
14 0.714634 0.785283 0.225423 0.423019 0.911273
14 0.582172 0.812027 0.136162 0.364907 0.91098
8 0.103826 0.691741 0.147588 0.475516 0.907804
14 0.641854 0.497331 0.118603 0.291715 0.907111
14 0.226065 0.528754 0.142711 0.352933 0.906554
14 0.361844 0.492956 0.125287 0.283734 0.903852
14 0.472544 0.770035 0.171008 0.447406 0.903349
15 0.902539 0.479054 0.128179 0.207174 0.901487
14 0.559167 0.498322 0.0967501 0.264942 0.901485
14 0.465909 0.499093 0.0943156 0.286854 0.897936
