14 0.395344 0.451344 0.152017 0.344444 0.930354
8 0.181413 0.664465 0.287438 0.241508 0.928517
14 0.235556 0.483376 0.162718 0.393177 0.921624
14 0.36167 0.710503 0.211128 0.555632 0.912535
14 0.814667 0.474255 0.116013 0.321505 0.909266
14 0.937039 0.661246 0.121539 0.467378 0.902724
8 0.780175 0.753096 0.216502 0.385103 0.899994
14 0.547769 0.677705 0.183226 0.511029 0.899848
14 0.0614818 0.405678 0.121033 0.312961 0.896457
14 0.621588 0.469389 0.111095 0.32017 0.896383
19 0.178923 0.390432 0.17666 0.201446 0.809903
14 0.688327 0.580644 0.07022 0.463597 0.541044
