4 0.179799 0.293191 0.139717 0.210994 0.914732
4 0.753675 0.294217 0.0717431 0.123666 0.903313
4 0.313481 0.284439 0.0824334 0.202928 0.885972
4 0.487119 0.229216 0.0990344 0.117632 0.878428
4 0.505655 0.319357 0.0825171 0.215272 0.87329
4 0.426393 0.309677 0.0749032 0.204906 0.866006
4 0.260471 0.271453 0.0801769 0.161366 0.864171
4 0.391398 0.208445 0.0903357 0.0973496 0.862678
4 0.349294 0.278887 0.0533467 0.193327 0.859648
4 0.637549 0.301578 0.0517397 0.0758157 0.85025
4 0.683792 0.309151 0.0395949 0.0711942 0.81333
4 0.388276 0.280478 0.0414441 0.181293 0.804988
