4 0.539838 0.735433 0.438681 0.395803 0.960886
4 0.381601 0.193632 0.412834 0.387265 0.949543
4 0.69801 0.149227 0.432422 0.291685 0.945864
4 0.78357 0.411016 0.431785 0.367018 0.943097
4 0.677477 0.927841 0.325474 0.13997 0.939818
4 0.158975 0.171346 0.317949 0.342691 0.934781
4 0.908059 0.899208 0.177577 0.197916 0.917926
4 0.217687 0.772024 0.350883 0.436886 0.916834
4 0.79674 0.704177 0.399367 0.394313 0.915536
4 0.461833 0.423367 0.435952 0.412731 0.897646
4 0.0968616 0.795307 0.193723 0.381905 0.814723
4 0.0290008 0.0922229 0.0580015 0.184446 0.812446
4 0.387464 0.956415 0.297661 0.0831978 0.685457
4 0.900839 0.148876 0.18869 0.291806 0.50441
4 0.0278857 0.152256 0.0556633 0.304513 0.467637
4 0.0677035 0.45277 0.135407 0.31784 0.266874
