8 0.374906 0.842268 0.148708 0.197007 0.937399
8 0.479112 0.790734 0.129513 0.213981 0.932095
8 0.0459021 0.722027 0.0918041 0.189901 0.931211
8 0.235402 0.80975 0.145181 0.202425 0.923105
10 0.894836 0.820654 0.150212 0.139311 0.91801
8 0.832184 0.913496 0.22138 0.168516 0.89976
8 0.754415 0.887961 0.137502 0.212827 0.899062
8 0.722883 0.837725 0.168927 0.229371 0.877228
8 0.840079 0.959026 0.209446 0.0766857 0.84397
8 0.891463 0.966951 0.18406 0.0607447 0.659411
8 0.0430963 0.666115 0.070371 0.0750988 0.631866
10 0.936342 0.919577 0.123511 0.157718 0.422661
