14 0.473935 0.644228 0.131079 0.403234 0.67827
14 0.741098 0.739798 0.228927 0.520405 0.6049
14 0.384658 0.653612 0.162066 0.386803 0.600666
14 0.919026 0.736937 0.161947 0.520914 0.594146
14 0.655673 0.471331 0.16216 0.263271 0.578612
14 0.590897 0.753577 0.143107 0.492847 0.493055
14 0.531309 0.428515 0.150412 0.351634 0.436317
14 0.0290048 0.634323 0.0572627 0.420907 0.377611
14 0.0661356 0.631589 0.113999 0.409125 0.363328
14 0.156923 0.640539 0.279787 0.427722 0.360601
14 0.652149 0.615173 0.152029 0.553126 0.310648
