14 0.362007 0.81645 0.126666 0.192982 0.67197
14 0.748555 0.385336 0.124712 0.276773 0.569347
14 0.0544936 0.376152 0.108987 0.252289 0.558291
14 0.563032 0.310223 0.13985 0.252959 0.555733
14 0.38181 0.492241 0.125182 0.280734 0.522045
12 0.564192 0.3151 0.141166 0.247471 0.448965
14 0.344476 0.917457 0.148661 0.160953 0.424775
12 0.378933 0.535194 0.130547 0.202961 0.420747
14 0.35732 0.859611 0.136116 0.280779 0.364692
14 0.761326 0.300375 0.0874557 0.108941 0.312243
14 0.05134 0.417029 0.10268 0.179817 0.285857
12 0.346881 0.916503 0.15289 0.166994 0.27601
14 0.38089 0.538221 0.121249 0.196021 0.265296
