3 0.151632 0.591466 0.247976 0.575084 0.945451
3 0.825704 0.467053 0.182611 0.509017 0.874784
3 0.84731 0.684977 0.128493 0.0840384 0.582656
3 0.588523 0.491023 0.0868937 0.407014 0.575784
3 0.618967 0.539837 0.138652 0.401133 0.533426
14 0.666373 0.686392 0.0442928 0.0842619 0.470912
3 0.848398 0.655245 0.128638 0.14566 0.353119
3 0.625482 0.481467 0.173815 0.485416 0.334713
3 0.774612 0.571141 0.0769181 0.214644 0.314126
3 0.159237 0.755533 0.232132 0.237268 0.290865
14 0.204107 0.66633 0.0260798 0.0688382 0.287493
3 0.376064 0.46769 0.752129 0.832069 0.283871
3 0.334713 0.435622 0.669427 0.741557 0.260386
