14 0.74531 0.550336 0.0759291 0.345547 0.726358
14 0.119298 0.562418 0.106503 0.38039 0.67116
14 0.600788 0.504921 0.074428 0.25814 0.666867
14 0.414776 0.451214 0.0725217 0.375559 0.635736
14 0.740586 0.356363 0.0687476 0.220757 0.589774
14 0.167258 0.380477 0.0574112 0.255906 0.572523
14 0.656389 0.449185 0.0480264 0.380441 0.540764
14 0.664609 0.458785 0.0717994 0.413101 0.540155
14 0.618622 0.624685 0.171195 0.260561 0.530437
14 0.797629 0.449665 0.0866966 0.38511 0.517767
14 0.203338 0.473195 0.114829 0.42347 0.515724
14 0.509479 0.535839 0.0428286 0.23763 0.50617
14 0.301899 0.583322 0.0806012 0.200717 0.505266
14 0.59771 0.358112 0.0491514 0.24466 0.480078
14 0.223156 0.463661 0.0760305 0.395397 0.44546
14 0.325151 0.621008 0.149707 0.279583 0.408864
14 0.16855 0.463766 0.0631231 0.420377 0.390328
14 0.475112 0.519394 0.0448607 0.253055 0.376655
14 0.494338 0.457155 0.110904 0.389248 0.355572
14 0.222842 0.347447 0.0744636 0.151846 0.350309
14 0.299338 0.509539 0.0936193 0.277458 0.308146
14 0.655771 0.49722 0.0525929 0.28714 0.296052
14 0.353193 0.471498 0.062377 0.361168 0.267354
