1 0.381412 0.645932 0.24686 0.249016 0.970071
1 0.737092 0.629713 0.236997 0.281454 0.887944
1 0.573788 0.635169 0.187647 0.269407 0.807217
14 0.356145 0.552689 0.147669 0.399921 0.78194
14 0.576004 0.555585 0.122714 0.386621 0.689202
14 0.745126 0.551205 0.143709 0.378767 0.567844
1 0.684605 0.623087 0.342076 0.296481 0.536743
1 0.571409 0.62619 0.569642 0.286653 0.433865
1 0.536285 0.637989 0.262648 0.26075 0.403473
14 0.577544 0.487566 0.11866 0.246429 0.275938
14 0.742732 0.453967 0.137205 0.18853 0.271546
