3 0.53687 0.478026 0.232562 0.221849 0.966259
3 0.768316 0.469038 0.276411 0.236666 0.922362
3 0.288576 0.484099 0.120408 0.21402 0.906464
3 0.919813 0.529735 0.0778696 0.0625941 0.757775
3 0.966687 0.504415 0.0666255 0.120938 0.755013
3 0.722656 0.399568 0.0864481 0.101253 0.711392
3 0.286695 0.512114 0.111527 0.157886 0.634628
3 0.048705 0.858031 0.052117 0.0582118 0.63046
3 0.24586 0.475905 0.20817 0.221325 0.620711
3 0.192695 0.480674 0.313663 0.229452 0.599169
3 0.694762 0.556241 0.148425 0.0671587 0.56202
3 0.151854 0.481496 0.227459 0.243994 0.546422
3 0.812554 0.470932 0.1833 0.239085 0.523736
3 0.971293 0.517705 0.0529045 0.097509 0.457113
3 0.69542 0.52811 0.148804 0.123915 0.436028
3 0.215055 0.459927 0.144926 0.184858 0.424946
3 0.147496 0.562463 0.216307 0.0792091 0.391113
3 0.15125 0.541095 0.224301 0.123188 0.377549
3 0.194864 0.455949 0.100923 0.17346 0.357117
3 0.939183 0.495638 0.116541 0.130358 0.29536
3 0.289868 0.415066 0.125625 0.364633 0.279947
3 0.694527 0.495093 0.148408 0.187217 0.267252
