14 0.844769 0.381575 0.14751 0.49454 0.807983
14 0.418337 0.64385 0.104864 0.448215 0.745582
14 0.343138 0.695143 0.157895 0.463927 0.730624
14 0.524107 0.668171 0.125964 0.397412 0.721684
14 0.741049 0.515415 0.129878 0.329231 0.699301
14 0.310408 0.40856 0.0622253 0.13246 0.683561
14 0.522473 0.456956 0.118103 0.53061 0.649489
14 0.376159 0.375834 0.0683958 0.288312 0.642565
14 0.238862 0.643559 0.148822 0.507904 0.593296
14 0.440987 0.358428 0.0812067 0.285293 0.591499
14 0.274765 0.465593 0.083229 0.164836 0.519836
14 0.681088 0.33842 0.111782 0.274346 0.518993
14 0.619051 0.772657 0.175878 0.371836 0.454674
14 0.739384 0.307035 0.0917744 0.243986 0.446144
14 0.161306 0.643361 0.206259 0.545912 0.436671
14 0.752087 0.745311 0.118751 0.310357 0.431606
14 0.594207 0.450604 0.0920706 0.497359 0.419841
14 0.652183 0.589722 0.110972 0.196315 0.397063
14 0.512401 0.338907 0.098436 0.31033 0.396751
14 0.237724 0.500213 0.153 0.219162 0.354707
14 0.681264 0.450172 0.111531 0.494787 0.341888
14 0.304756 0.699154 0.238959 0.46746 0.290518
14 0.763436 0.786883 0.176721 0.392095 0.273176
14 0.645684 0.675418 0.121321 0.180555 0.254222
