1 0.673915 0.75024 0.635019 0.490587 0.937708
1 0.468208 0.727373 0.8547 0.545253 0.859906
14 0.696547 0.61632 0.343946 0.76736 0.746402
14 0.402268 0.48608 0.208854 0.594115 0.708622
14 0.238043 0.504339 0.115658 0.568398 0.673671
1 0.330034 0.63439 0.573678 0.530562 0.560101
14 0.957969 0.588103 0.0805308 0.649732 0.524137
1 0.200449 0.595132 0.309169 0.453887 0.476673
1 0.177169 0.652588 0.283688 0.567542 0.43076
14 0.232603 0.437594 0.112787 0.432419 0.429965
14 0.959966 0.598019 0.079101 0.415863 0.403957
14 0.804807 0.59503 0.113832 0.723873 0.304187
14 0.664743 0.629541 0.0834047 0.154979 0.262886
