4 0.570586 0.480455 0.0507709 0.205365 0.809619
14 0.118072 0.583023 0.226304 0.550909 0.629982
14 0.334377 0.34842 0.263567 0.428691 0.576163
14 0.117798 0.519489 0.211394 0.404075 0.561431
14 0.175691 0.766328 0.351383 0.467343 0.533465
14 0.709262 0.458656 0.158912 0.45677 0.498318
14 0.765719 0.806576 0.317344 0.379131 0.480764
14 0.855861 0.545717 0.287536 0.584879 0.462311
14 0.832573 0.618167 0.330819 0.729017 0.317542
14 0.226588 0.769916 0.2454 0.460169 0.279484
14 0.703728 0.359663 0.113013 0.260888 0.270976
14 0.475147 0.323348 0.109541 0.244796 0.268056
