15 0.650541 0.406488 0.0756973 0.0921168 0.85811
15 0.156218 0.424629 0.0951142 0.132382 0.750045
15 0.795611 0.383285 0.09617 0.125092 0.609007
15 0.410867 0.396303 0.100161 0.143905 0.594411
15 0.960343 0.76503 0.0772131 0.178445 0.48581
15 0.889418 0.373975 0.0958101 0.150953 0.448376
15 0.494191 0.642497 0.948488 0.709671 0.431522
15 0.824903 0.800248 0.108124 0.163968 0.364348
15 0.514711 0.36105 0.10168 0.13146 0.363829
15 0.327619 0.658934 0.655239 0.682132 0.284861
15 0.249375 0.35419 0.0853163 0.103704 0.281921
15 0.603723 0.790722 0.0922701 0.17141 0.281631
15 0.960176 0.704372 0.079208 0.295848 0.27951
15 0.519971 0.920365 0.0902321 0.157848 0.255998
