3 0.841438 0.461372 0.185738 0.155452 0.873017
3 0.328552 0.286207 0.0940449 0.32897 0.744449
3 0.0778778 0.496017 0.155756 0.136542 0.664188
3 0.838737 0.484075 0.192962 0.106887 0.52937
3 0.642209 0.460024 0.223359 0.167589 0.507863
3 0.595931 0.299739 0.0788002 0.293638 0.502637
3 0.42355 0.289231 0.0771731 0.299806 0.476332
3 0.50161 0.294296 0.0714858 0.297204 0.432983
3 0.347754 0.347717 0.378272 0.417323 0.423695
3 0.389075 0.346829 0.729039 0.412275 0.388088
3 0.359062 0.291524 0.150163 0.34178 0.31814
3 0.635977 0.377091 0.232706 0.330908 0.30505
3 0.589423 0.327191 0.0685137 0.233982 0.261177
