3 0.423814 0.530826 0.302877 0.115294 0.940291
3 0.168381 0.215417 0.336763 0.2843 0.655541
3 0.495461 0.543689 0.163388 0.0967755 0.595132
3 0.47388 0.203772 0.389976 0.365973 0.555232
3 0.512067 0.223118 0.232108 0.179213 0.535752
3 0.896714 0.181215 0.197505 0.223081 0.483821
3 0.521618 0.170909 0.255913 0.299821 0.483819
3 0.553098 0.323598 0.225565 0.123565 0.439021
3 0.73424 0.183122 0.228314 0.314766 0.438975
3 0.398373 0.525845 0.21979 0.104485 0.434954
3 0.496351 0.24471 0.205815 0.14018 0.381926
3 0.374473 0.15182 0.205076 0.14158 0.381142
3 0.860297 0.172262 0.12107 0.182782 0.379404
3 0.818812 0.236701 0.352229 0.317768 0.37885
3 0.936257 0.164585 0.121385 0.18438 0.378353
3 0.819434 0.299696 0.351939 0.201783 0.364683
3 0.225134 0.151453 0.189308 0.160474 0.352495
3 0.576544 0.333607 0.166214 0.10257 0.292192
3 0.591818 0.266996 0.186223 0.232669 0.281195
3 0.471727 0.250285 0.162167 0.12716 0.272221
3 0.925503 0.281471 0.143233 0.107392 0.258424
3 0.551224 0.277154 0.251079 0.209209 0.25209
