3 0.117246 0.466246 0.170891 0.201941 0.838019
3 0.113325 0.535146 0.160851 0.066264 0.764696
3 0.116046 0.501671 0.167385 0.134548 0.760994
3 0.247812 0.387673 0.399565 0.344393 0.661083
3 0.484297 0.531151 0.959697 0.887218 0.62039
3 0.473822 0.393603 0.942235 0.587975 0.576665
3 0.145961 0.46153 0.222324 0.223334 0.526496
3 0.334113 0.404686 0.222833 0.268678 0.462555
3 0.773452 0.465594 0.439045 0.928688 0.339773
3 0.252082 0.414723 0.287026 0.254037 0.321687
3 0.877687 0.423562 0.138956 0.179721 0.320321
3 0.158731 0.442336 0.19099 0.174798 0.301848
