3 0.133867 0.694051 0.154891 0.0847799 0.757791
3 0.170582 0.452394 0.226241 0.630663 0.755158
3 0.814935 0.583609 0.206027 0.329081 0.739067
3 0.810556 0.693241 0.197433 0.0971639 0.729064
3 0.168806 0.693437 0.221278 0.0931081 0.713787
3 0.366344 0.384697 0.732687 0.506923 0.68226
3 0.810318 0.438009 0.145591 0.413421 0.559822
3 0.159977 0.530226 0.246287 0.454907 0.545973
3 0.72 0.551013 0.0647681 0.132978 0.5379
3 0.501575 0.54608 0.200063 0.144385 0.535873
3 0.815049 0.627973 0.196849 0.233224 0.528067
3 0.479637 0.33017 0.91055 0.645773 0.52066
3 0.641641 0.550152 0.0970551 0.138588 0.496391
3 0.853643 0.417894 0.20844 0.432124 0.490898
3 0.791311 0.530667 0.176904 0.222406 0.486512
3 0.218824 0.70924 0.116843 0.119944 0.481414
3 0.806047 0.506828 0.130961 0.271516 0.476196
3 0.277467 0.662408 0.110786 0.0901347 0.451043
3 0.303956 0.387343 0.607911 0.47575 0.420832
3 0.169494 0.595335 0.22722 0.314173 0.401562
3 0.555437 0.548213 0.0938181 0.140164 0.360666
3 0.0444433 0.436322 0.0888866 0.322972 0.351219
3 0.918846 0.48002 0.0829533 0.158776 0.336221
3 0.825965 0.391671 0.15161 0.343266 0.332035
3 0.179662 0.695417 0.195513 0.138514 0.330406
3 0.917785 0.38781 0.104071 0.356038 0.32652
14 0.281186 0.6349 0.0345594 0.0593713 0.31904
3 0.967428 0.490641 0.0648323 0.287895 0.317415
3 0.812733 0.397079 0.203031 0.69842 0.295969
3 0.935167 0.47333 0.118662 0.175279 0.28974
3 0.0574861 0.403213 0.114972 0.412691 0.279327
