3 0.432348 0.717126 0.156642 0.131284 0.624711
3 0.873461 0.661449 0.123489 0.0993062 0.596318
3 0.445825 0.697036 0.182886 0.172025 0.569758
3 0.5909 0.479811 0.0426848 0.155952 0.510801
3 0.575776 0.598011 0.451002 0.380982 0.450821
3 0.14735 0.380217 0.0329371 0.140828 0.426001
3 0.465582 0.680267 0.218248 0.20539 0.381681
3 0.49593 0.652929 0.284949 0.262243 0.359951
3 0.718636 0.585653 0.221315 0.341131 0.287639
3 0.547376 0.569159 0.219012 0.281767 0.28572
3 0.448367 0.65637 0.19111 0.258957 0.274781
3 0.746802 0.588303 0.153519 0.348857 0.26073
