3 0.362135 0.461904 0.0882922 0.146273 0.642666
3 0.525183 0.315204 0.67846 0.500866 0.582859
3 0.894944 0.542508 0.111878 0.0733193 0.533314
3 0.523267 0.252287 0.207817 0.279578 0.482395
3 0.751645 0.518648 0.194296 0.0948598 0.447066
3 0.377608 0.462025 0.115071 0.154293 0.410802
3 0.42153 0.461204 0.204555 0.165117 0.375168
3 0.274506 0.375767 0.170101 0.293495 0.311436
3 0.0990951 0.49263 0.155967 0.0581754 0.310513
3 0.751276 0.46227 0.196614 0.207182 0.304954
3 0.321182 0.297214 0.286085 0.450762 0.303897
3 0.777932 0.530121 0.366253 0.0884086 0.272344
