3 0.218569 0.37364 0.32615 0.151326 0.847047
3 0.563983 0.558243 0.182128 0.174189 0.836552
3 0.36069 0.514914 0.119577 0.0913697 0.655905
3 0.472415 0.554138 0.100329 0.0958836 0.58904
3 0.526781 0.555572 0.204502 0.124889 0.547679
3 0.660326 0.485052 0.407033 0.330554 0.524832
3 0.533053 0.542281 0.219673 0.203016 0.516979
3 0.500204 0.550756 0.153976 0.106777 0.422642
3 0.159331 0.464281 0.111783 0.163701 0.396016
3 0.27414 0.371966 0.217277 0.131248 0.355396
3 0.73213 0.376527 0.239604 0.103777 0.347686
3 0.557384 0.48191 0.274318 0.324065 0.307739
3 0.683287 0.375243 0.141988 0.105701 0.277221
