14 0.519876 0.540659 0.101401 0.160289 0.773118
8 0.762501 0.81049 0.145316 0.368588 0.71019
14 0.426614 0.549531 0.0929265 0.164469 0.679441
14 0.698636 0.733603 0.175689 0.513243 0.505801
14 0.301768 0.596578 0.125308 0.277137 0.435985
14 0.293313 0.783226 0.224886 0.432998 0.375955
14 0.630815 0.714737 0.123098 0.515679 0.363076
14 0.466606 0.823554 0.142046 0.344331 0.354368
14 0.638025 0.548251 0.0970276 0.185916 0.351794
14 0.751796 0.811069 0.166677 0.375031 0.343306
14 0.512544 0.703651 0.103169 0.491887 0.330757
14 0.7105 0.645827 0.152845 0.335177 0.321321
14 0.632131 0.615854 0.113813 0.323661 0.283886
