14 0.354076 0.431322 0.133433 0.437728 0.792841
14 0.47593 0.419581 0.149031 0.429155 0.767595
14 0.914158 0.552862 0.129649 0.35746 0.718979
14 0.836215 0.736492 0.253601 0.517657 0.689174
14 0.199814 0.495824 0.0641355 0.185337 0.598724
14 0.133073 0.690497 0.266147 0.619006 0.575467
14 0.680983 0.528592 0.114199 0.339032 0.548633
14 0.622444 0.506596 0.0959955 0.328586 0.526313
14 0.254729 0.359263 0.096827 0.203531 0.511446
14 0.143236 0.700292 0.150172 0.345244 0.373581
14 0.654609 0.51693 0.166531 0.349177 0.34134
14 0.260507 0.532437 0.140244 0.560687 0.295371
14 0.256915 0.575687 0.178976 0.643828 0.283186
