8 0.863729 0.589121 0.137197 0.344353 0.978963
8 0.820496 0.595943 0.214398 0.349582 0.762494
8 0.786301 0.597531 0.121143 0.2915 0.684662
8 0.403756 0.534526 0.118681 0.19625 0.595941
8 0.749137 0.634701 0.209716 0.35742 0.545071
8 0.794256 0.618929 0.149552 0.340779 0.541248
8 0.668478 0.45195 0.0889021 0.0980981 0.517192
8 0.786992 0.554258 0.123053 0.204462 0.471061
10 0.632791 0.648494 0.422268 0.379559 0.442647
8 0.616957 0.556278 0.120828 0.20588 0.422309
8 0.718032 0.648495 0.139767 0.363894 0.385338
8 0.615641 0.611008 0.124698 0.314158 0.301368
