14 0.571285 0.631821 0.0881667 0.149109 0.81535
14 0.503649 0.587831 0.0689364 0.156249 0.786254
14 0.907167 0.732542 0.184035 0.350795 0.777646
14 0.681941 0.552071 0.127808 0.343913 0.731689
14 0.464857 0.575095 0.0639673 0.151539 0.722624
14 0.222902 0.453442 0.0699067 0.122461 0.698283
14 0.701778 0.691292 0.11646 0.196256 0.674145
14 0.827807 0.650087 0.092694 0.226172 0.543185
14 0.385419 0.600082 0.154062 0.272817 0.53152
14 0.577106 0.60103 0.11785 0.213115 0.473849
14 0.384858 0.728524 0.161468 0.535105 0.462953
14 0.0399185 0.51884 0.0472001 0.0871655 0.436877
14 0.178026 0.647217 0.214065 0.663837 0.330199
14 0.429119 0.522855 0.0619875 0.116804 0.326111
