3 0.607372 0.637959 0.33819 0.0998229 0.881849
3 0.303216 0.633731 0.194322 0.0816106 0.813013
3 0.301598 0.617585 0.191062 0.119882 0.74002
3 0.685934 0.633177 0.194934 0.0910996 0.69302
3 0.331004 0.60331 0.253532 0.161449 0.68041
14 0.625105 0.575549 0.101311 0.141865 0.665318
3 0.545329 0.643932 0.209228 0.096276 0.615679
14 0.327116 0.574017 0.0956918 0.12856 0.504036
3 0.426966 0.650239 0.101723 0.075152 0.438869
3 0.300889 0.59998 0.184532 0.172345 0.438596
3 0.437307 0.641639 0.67465 0.101108 0.402783
3 0.485794 0.61719 0.563186 0.153439 0.354836
3 0.529966 0.632879 0.169281 0.0857806 0.353361
3 0.430194 0.656991 0.109284 0.0534732 0.302943
