14 0.65803 0.389271 0.351518 0.499314 0.833904
14 0.111837 0.452791 0.223674 0.489017 0.785156
4 0.287343 0.622443 0.0469547 0.190291 0.63134
14 0.868231 0.093048 0.162271 0.186096 0.582855
4 0.0887059 0.806811 0.118008 0.385383 0.562942
4 0.431256 0.563922 0.0466724 0.274835 0.49032
14 0.806905 0.176492 0.300803 0.352984 0.46929
4 0.470436 0.621251 0.0774432 0.287764 0.446577
10 0.364718 0.752412 0.726703 0.483871 0.348251
4 0.287387 0.680204 0.105339 0.329729 0.335786
14 0.942521 0.393307 0.109289 0.479845 0.333497
14 0.838113 0.580614 0.32159 0.838772 0.317158
14 0.82701 0.301135 0.0767543 0.121228 0.307499
4 0.469588 0.68186 0.078252 0.312547 0.284719
