14 0.46346 0.701658 0.304615 0.592876 0.80265
14 0.227737 0.760732 0.249223 0.464373 0.67753
14 0.872523 0.51661 0.254954 0.525027 0.656061
14 0.107945 0.654741 0.215448 0.690518 0.628479
14 0.113439 0.519079 0.19763 0.422005 0.611723
14 0.322977 0.346843 0.24151 0.406157 0.518357
14 0.87363 0.623165 0.252741 0.753669 0.46257
14 0.742451 0.477638 0.218814 0.50473 0.450504
14 0.961577 0.272625 0.0768465 0.521318 0.345403
11 0.801043 0.808929 0.368557 0.352651 0.325083
14 0.797344 0.489905 0.376132 0.515218 0.322095
4 0.533571 0.456518 0.0447994 0.234932 0.298948
4 0.570927 0.508994 0.0523248 0.306429 0.272866
