14 0.442593 0.242382 0.197311 0.34447 0.775697
8 0.103267 0.788645 0.205791 0.402413 0.765313
8 0.617863 0.79431 0.216152 0.407511 0.729932
14 0.867906 0.54442 0.251162 0.649802 0.675299
8 0.37409 0.701839 0.180429 0.429548 0.646467
14 0.738967 0.274228 0.140963 0.292483 0.599028
14 0.618122 0.559419 0.288565 0.721334 0.580185
10 0.379772 0.59278 0.430368 0.399278 0.516005
14 0.173984 0.550134 0.331961 0.5574 0.499774
8 0.375428 0.638843 0.184279 0.294603 0.458691
10 0.416975 0.644792 0.483901 0.499525 0.341167
10 0.885521 0.763348 0.228614 0.465415 0.305893
14 0.875602 0.449709 0.232489 0.466248 0.290777
