3 0.504085 0.648368 0.980581 0.698124 0.80387
14 0.748928 0.419074 0.0643272 0.12704 0.791929
3 0.605651 0.434239 0.782019 0.858348 0.788845
3 0.326528 0.571491 0.649941 0.817039 0.666765
14 0.438017 0.416766 0.0677233 0.139659 0.646196
3 0.38295 0.157851 0.153155 0.315702 0.598465
14 0.261795 0.613397 0.166967 0.212249 0.55772
3 0.357179 0.194667 0.206144 0.385527 0.532393
3 0.203126 0.139362 0.252319 0.275366 0.415463
3 0.838611 0.197739 0.322777 0.395477 0.349774
3 0.460787 0.0867728 0.110928 0.173546 0.341484
3 0.258003 0.128563 0.155912 0.257125 0.307681
14 0.433664 0.37623 0.0617792 0.0549739 0.304575
3 0.58417 0.111925 0.16814 0.223851 0.303322
3 0.742773 0.198523 0.514455 0.395663 0.263183
