2 0.526912 0.236443 0.0796859 0.0858292 0.828113
2 0.576763 0.855737 0.066094 0.0642746 0.734779
2 0.836917 0.817244 0.0521126 0.0584799 0.732808
2 0.827628 0.73382 0.0357647 0.0581699 0.525486
2 0.23369 0.651219 0.0474681 0.0429673 0.523
2 0.18105 0.696001 0.0468051 0.0534299 0.485498
2 0.941824 0.769914 0.0635277 0.0505442 0.471577
2 0.376454 0.65926 0.0474808 0.0568782 0.462337
2 0.658797 0.815189 0.0469804 0.0595901 0.438905
2 0.603706 0.694844 0.0556822 0.0555158 0.422365
2 0.563807 0.662892 0.0272871 0.0462328 0.36691
2 0.29975 0.657876 0.0445548 0.0525485 0.349888
2 0.655775 0.729686 0.0402206 0.0687885 0.313989
2 0.363225 0.697767 0.060354 0.11483 0.298147
2 0.361325 0.713237 0.0567077 0.0895249 0.286871
2 0.502177 0.69151 0.0422053 0.0786416 0.27026
