4 0.588995 0.536467 0.15447 0.379678 0.903027
4 0.439257 0.231139 0.156069 0.410599 0.746253
4 0.428103 0.961362 0.10269 0.0771605 0.701796
4 0.762047 0.520989 0.156471 0.356274 0.617235
4 0.554257 0.246803 0.255115 0.446995 0.611868
4 0.437016 0.813913 0.15882 0.334046 0.587446
4 0.606694 0.252358 0.148247 0.460054 0.539034
4 0.287611 0.661637 0.16998 0.636789 0.527305
4 0.752782 0.772849 0.140644 0.241186 0.51855
4 0.580292 0.315806 0.201878 0.596674 0.51043
4 0.284031 0.525034 0.152685 0.36396 0.509659
4 0.430337 0.538422 0.154479 0.395931 0.504907
4 0.274644 0.236611 0.181942 0.410714 0.47991
4 0.256431 0.651587 0.226912 0.666402 0.433051
4 0.432747 0.646625 0.156603 0.701964 0.424213
4 0.290949 0.951782 0.14601 0.0964357 0.396486
4 0.588682 0.66236 0.16318 0.64525 0.384658
4 0.43876 0.317777 0.158165 0.574466 0.379405
4 0.583415 0.964122 0.12378 0.0706348 0.352956
8 0.804916 0.459937 0.263586 0.894033 0.333059
8 0.747789 0.849238 0.284037 0.297631 0.297781
4 0.585729 0.963187 0.0872055 0.0699722 0.296032
4 0.556268 0.387178 0.240211 0.734378 0.290935
4 0.29312 0.78431 0.157377 0.285994 0.289815
