1 0.700826 0.476974 0.168874 0.15144 0.868324
14 0.91674 0.420836 0.0862219 0.32444 0.843862
14 0.547016 0.434774 0.067054 0.224174 0.802575
1 0.308987 0.496785 0.166973 0.154389 0.782627
14 0.68994 0.433282 0.0480293 0.237711 0.776702
14 0.13987 0.846398 0.244172 0.301875 0.736746
1 0.475199 0.500606 0.149709 0.138555 0.649276
14 0.320334 0.44161 0.0583767 0.216848 0.648927
14 0.288683 0.457789 0.0665976 0.196769 0.593993
14 0.462603 0.470381 0.0443886 0.187744 0.546831
14 0.472088 0.444121 0.0732941 0.222908 0.519139
1 0.460532 0.461554 0.184789 0.210897 0.424789
1 0.310164 0.463031 0.173304 0.212374 0.26747
1 0.356476 0.464781 0.264051 0.211307 0.261553
