6 0.145616 0.309525 0.205177 0.211705 0.791116
6 0.82302 0.0991835 0.139496 0.198105 0.774494
14 0.26204 0.248183 0.0601881 0.187113 0.633226
14 0.168943 0.770391 0.137559 0.298024 0.625718
14 0.521517 0.520142 0.103497 0.230501 0.615622
5 0.390732 0.116717 0.231974 0.233434 0.557363
6 0.558299 0.275968 0.245196 0.31161 0.532492
1 0.530917 0.549748 0.125252 0.259789 0.529278
6 0.599701 0.289668 0.170788 0.277966 0.516323
6 0.369322 0.275948 0.197299 0.258748 0.502188
6 0.901201 0.305843 0.197598 0.325433 0.492598
6 0.325738 0.412389 0.203382 0.235519 0.450641
6 0.852149 0.713719 0.295702 0.572561 0.447349
1 0.52125 0.575923 0.101413 0.203076 0.423796
6 0.0421446 0.371556 0.0842892 0.243176 0.364845
6 0.952692 0.0646913 0.0946163 0.129383 0.342821
14 0.301347 0.503383 0.0919276 0.248259 0.332575
6 0.325667 0.463149 0.200225 0.346342 0.305485
6 0.619756 0.062049 0.109765 0.124098 0.304071
14 0.217517 0.173777 0.0513819 0.0655178 0.285569
