14 0.742175 0.740683 0.219116 0.515252 0.833805
14 0.908478 0.73789 0.183045 0.520879 0.754888
14 0.370136 0.667822 0.130208 0.360136 0.740123
14 0.587514 0.755549 0.133779 0.485974 0.672041
14 0.530084 0.44998 0.147194 0.381991 0.624324
14 0.174283 0.632271 0.113764 0.413206 0.484601
14 0.471819 0.702957 0.12828 0.506455 0.449347
14 0.651101 0.665834 0.177337 0.655295 0.412751
14 0.0748489 0.647679 0.108371 0.417211 0.395422
14 0.565601 0.747293 0.0870892 0.505414 0.280182
14 0.652303 0.531027 0.172491 0.38398 0.255395
