14 0.167604 0.726993 0.334368 0.546014 0.856021
14 0.594952 0.661205 0.135014 0.241601 0.853576
10 0.545093 0.906967 0.480633 0.185355 0.842446
14 0.925366 0.697524 0.149144 0.603582 0.778277
14 0.47417 0.68695 0.113449 0.205352 0.660372
14 0.39914 0.721254 0.138595 0.306025 0.474004
4 0.663988 0.809698 0.0421091 0.14168 0.451457
14 0.816763 0.746722 0.170007 0.480983 0.427412
14 0.740643 0.697501 0.179339 0.307234 0.379898
14 0.386218 0.769252 0.159203 0.415924 0.344682
4 0.527992 0.749264 0.0264835 0.13581 0.33811
14 0.760063 0.75723 0.197027 0.472395 0.335516
4 0.608342 0.780466 0.033328 0.143816 0.306493
