15 0.0961828 0.681206 0.191384 0.393948 0.710484
14 0.580836 0.639814 0.133835 0.720371 0.679946
14 0.492923 0.653499 0.111157 0.53448 0.654707
14 0.389712 0.657555 0.103137 0.531087 0.648311
14 0.257821 0.606153 0.188024 0.63339 0.638423
8 0.294605 0.852949 0.227632 0.293693 0.575481
10 0.111936 0.907759 0.223872 0.184483 0.508789
14 0.25047 0.498152 0.162413 0.406997 0.422379
10 0.541332 0.471967 0.903049 0.943933 0.404947
10 0.793637 0.838961 0.405492 0.311162 0.356573
14 0.896458 0.817377 0.206951 0.365246 0.353526
14 0.683246 0.602618 0.105499 0.187317 0.308855
