1 0.449381 0.588212 0.622243 0.624665 0.873918
1 0.454355 0.74415 0.425611 0.406682 0.823795
1 0.401053 0.658913 0.544626 0.587116 0.765899
14 0.657019 0.151553 0.165583 0.288685 0.747285
14 0.392822 0.190048 0.135469 0.298928 0.736288
14 0.877698 0.273561 0.244604 0.537489 0.728449
1 0.457298 0.482012 0.605004 0.406043 0.594786
1 0.535399 0.747835 0.254739 0.407081 0.546055
14 0.650552 0.250313 0.176029 0.500625 0.476857
14 0.945704 0.269323 0.108593 0.538567 0.448367
1 0.352556 0.38261 0.399081 0.24466 0.340601
1 0.347997 0.519587 0.408752 0.499986 0.303315
1 0.288977 0.381752 0.270222 0.241582 0.297405
1 0.522275 0.39975 0.475931 0.246534 0.286796
