8 0.18993 0.558242 0.362071 0.718715 0.782099
8 0.586725 0.562981 0.316245 0.61787 0.710073
10 0.323608 0.643088 0.590433 0.624285 0.675902
8 0.0465515 0.444561 0.093103 0.481417 0.387309
8 0.214964 0.652084 0.315499 0.580581 0.385794
10 0.516187 0.592495 0.608238 0.570673 0.368844
8 0.42705 0.255245 0.133983 0.196596 0.342487
8 0.86669 0.448082 0.18351 0.555744 0.340645
8 0.835326 0.578253 0.24884 0.443464 0.337256
8 0.0686726 0.439313 0.137345 0.476662 0.273745
10 0.548563 0.417504 0.54463 0.42132 0.272696
10 0.668028 0.534027 0.580006 0.61792 0.253279
10 0.297893 0.316344 0.579952 0.403162 0.253266
