4 0.714339 0.450495 0.198084 0.547584 0.938014
4 0.524048 0.518108 0.175972 0.538655 0.852293
4 0.295716 0.634623 0.150768 0.692097 0.841774
4 0.424961 0.544078 0.141965 0.539405 0.825317
4 0.50377 0.583403 0.211796 0.65905 0.73422
4 0.42653 0.595291 0.369569 0.809417 0.717635
4 0.432729 0.615383 0.158205 0.705391 0.64865
4 0.0942018 0.503454 0.187782 0.993091 0.593007
4 0.364109 0.310469 0.0971496 0.224354 0.588671
4 0.623664 0.454383 0.134913 0.539002 0.409541
4 0.709715 0.562059 0.205342 0.767727 0.402437
4 0.370494 0.578465 0.257263 0.837586 0.378412
4 0.238441 0.594171 0.124455 0.793402 0.319828
4 0.520363 0.57851 0.594562 0.842979 0.289371
4 0.232475 0.454387 0.108174 0.480512 0.28555
4 0.692885 0.882433 0.115211 0.235134 0.282483
