1 0.77768 0.490799 0.44464 0.878486 0.854236
1 0.303519 0.504371 0.494378 0.783858 0.807626
1 0.0534871 0.350936 0.106054 0.510247 0.645474
1 0.472437 0.494768 0.687313 0.883834 0.567709
1 0.0886197 0.364324 0.175651 0.537971 0.56331
1 0.131548 0.366678 0.262159 0.530755 0.536339
1 0.389649 0.483232 0.34396 0.745664 0.470355
1 0.859571 0.496833 0.280858 0.839926 0.426011
1 0.880313 0.339984 0.239373 0.585816 0.415911
1 0.114527 0.484002 0.225582 0.771714 0.395288
1 0.681396 0.465275 0.305967 0.787453 0.324945
1 0.693977 0.363354 0.291425 0.594393 0.2958
1 0.274505 0.343815 0.448691 0.641491 0.270842
1 0.590807 0.481082 0.476283 0.817084 0.251549
