8 0.751843 0.807493 0.14644 0.361254 0.837985
14 0.51864 0.543014 0.0970376 0.165467 0.808065
14 0.63582 0.655538 0.110739 0.412187 0.807259
14 0.688277 0.689497 0.197117 0.439821 0.795957
10 0.474506 0.763655 0.312598 0.310081 0.720539
8 0.305923 0.792291 0.16029 0.393724 0.592835
14 0.426818 0.54982 0.088204 0.172521 0.580663
8 0.467744 0.830472 0.136983 0.332422 0.408961
10 0.477818 0.800022 0.258964 0.386484 0.386106
8 0.288249 0.746534 0.203587 0.351667 0.382371
14 0.29808 0.628767 0.13241 0.342767 0.370849
14 0.426772 0.61998 0.0933072 0.311722 0.319418
