14 0.0213074 0.399083 0.0426149 0.332366 0.678693
6 0.538973 0.410064 0.548036 0.594851 0.669878
14 0.0518703 0.365547 0.0500542 0.246385 0.59831
14 0.170438 0.401197 0.0614785 0.30969 0.581032
14 0.0994059 0.380442 0.0337512 0.24967 0.578061
14 0.112612 0.406122 0.0640067 0.304599 0.478806
14 0.129623 0.378336 0.0377694 0.214866 0.38946
14 0.239565 0.426045 0.0419829 0.262967 0.387916
14 0.21186 0.374159 0.043512 0.162911 0.387011
14 0.0723956 0.403882 0.0535593 0.313607 0.373057
14 0.102013 0.400209 0.0434485 0.299143 0.298714
14 0.073509 0.364861 0.0513742 0.218834 0.28999
