14 0.246993 0.510543 0.192208 0.691501 0.882549
14 0.716559 0.690487 0.2078 0.619026 0.876164
14 0.590583 0.306914 0.141459 0.357358 0.825094
14 0.726823 0.330436 0.147203 0.334427 0.698039
19 0.822756 0.422989 0.0913139 0.127889 0.594891
14 0.202529 0.461612 0.107355 0.673222 0.484918
14 0.460053 0.263025 0.120617 0.204108 0.444285
10 0.817371 0.56934 0.365258 0.226566 0.360645
14 0.207554 0.265769 0.11313 0.278126 0.354944
10 0.813052 0.710408 0.373897 0.507102 0.329163
14 0.359941 0.328068 0.0890112 0.303767 0.309238
10 0.834965 0.652205 0.330071 0.392366 0.301678
