14 0.355042 0.578457 0.207585 0.295375 0.831447
14 0.939359 0.635884 0.121283 0.404444 0.770482
14 0.233908 0.506408 0.1573 0.445186 0.596493
14 0.620695 0.486727 0.111732 0.365798 0.582237
14 0.8173 0.56483 0.117543 0.518927 0.525446
14 0.626324 0.655379 0.136837 0.658203 0.428994
10 0.470685 0.867776 0.938661 0.264447 0.419223
14 0.0472577 0.510112 0.093749 0.531671 0.402078
14 0.360377 0.709796 0.200467 0.573044 0.396485
14 0.690037 0.500492 0.0803594 0.301504 0.396059
14 0.396994 0.492572 0.148379 0.449166 0.388112
14 0.543253 0.706988 0.18743 0.576966 0.383051
