4 0.0898774 0.800581 0.147162 0.392099 0.849601
14 0.660003 0.393109 0.348566 0.498342 0.833857
14 0.786138 0.172126 0.241386 0.344251 0.758495
14 0.111159 0.495614 0.222319 0.574984 0.749489
4 0.292749 0.611207 0.0662662 0.200194 0.744112
4 0.470101 0.658716 0.0799462 0.389194 0.712482
4 0.43221 0.570971 0.0525672 0.291822 0.673789
14 0.804504 0.569764 0.390993 0.860471 0.456152
14 0.867663 0.160669 0.166079 0.319862 0.380626
14 0.627047 0.170157 0.159223 0.335875 0.317718
10 0.45646 0.823395 0.790817 0.352231 0.293249
4 0.524086 0.658196 0.0538542 0.332245 0.26379
4 0.186489 0.774064 0.0754861 0.229055 0.259521
