4 0.586742 0.39464 0.0441597 0.11442 0.917259
4 0.626853 0.397178 0.0390714 0.10683 0.891125
4 0.385362 0.536771 0.0419537 0.102172 0.838071
4 0.424918 0.535658 0.0423424 0.104179 0.645701
4 0.385005 0.40888 0.0471619 0.099359 0.626895
10 0.339273 0.8176 0.678547 0.262201 0.618977
4 0.585276 0.410099 0.04525 0.0838783 0.535392
4 0.515824 0.400531 0.0381504 0.104975 0.480089
4 0.481498 0.405727 0.040689 0.0982872 0.418463
10 0.335768 0.764379 0.669672 0.37207 0.367012
15 0.920534 0.679927 0.158682 0.303311 0.341929
4 0.436369 0.394281 0.0553886 0.124253 0.302491
4 0.239695 0.541573 0.0484025 0.111438 0.269627
15 0.753204 0.938413 0.114778 0.108664 0.266986
4 0.111498 0.540503 0.0387792 0.111642 0.254595
4 0.320163 0.538401 0.0538123 0.111905 0.250375
