14 0.616422 0.200142 0.140397 0.36477 0.885807
14 0.40296 0.644897 0.362826 0.705298 0.87877
14 0.118735 0.616683 0.23747 0.76581 0.87826
14 0.809133 0.533606 0.210807 0.932788 0.738616
14 0.67653 0.535708 0.217767 0.928583 0.640796
14 0.314413 0.546757 0.201338 0.613561 0.637444
14 0.732995 0.538909 0.320373 0.922181 0.532087
14 0.9337 0.630382 0.131618 0.739236 0.508613
14 0.94011 0.525277 0.119781 0.949445 0.456891
14 0.956577 0.515626 0.0868452 0.968747 0.366075
14 0.348248 0.399979 0.130045 0.315191 0.304728
14 0.784322 0.079974 0.117343 0.159948 0.264372
14 0.934378 0.744134 0.128744 0.511046 0.257469
