8 0.549695 0.404797 0.126671 0.231063 0.863517
15 0.931027 0.927812 0.087327 0.126421 0.722971
15 0.715041 0.941689 0.0855705 0.115966 0.622078
15 0.700041 0.348025 0.060335 0.0986287 0.479023
15 0.303 0.38725 0.232574 0.250413 0.420953
15 0.707569 0.834061 0.0542492 0.0964718 0.419155
15 0.226279 0.582234 0.199767 0.255359 0.410365
15 0.247246 0.816312 0.0890704 0.188083 0.390041
15 0.28842 0.448489 0.0770346 0.128127 0.374957
15 0.981576 0.927658 0.0363495 0.134871 0.310019
15 0.288698 0.415243 0.0833111 0.184707 0.294618
