8 0.451303 0.909988 0.163191 0.177804 0.848528
14 0.602763 0.696216 0.11147 0.15662 0.805915
8 0.189896 0.910734 0.156279 0.176581 0.780945
8 0.667678 0.844049 0.0939385 0.248924 0.752382
8 0.309577 0.808827 0.0941711 0.188771 0.711298
0 0.499329 0.516715 0.992818 0.535713 0.68698
8 0.778426 0.835926 0.113747 0.136048 0.537957
8 0.888343 0.848548 0.110204 0.285311 0.425395
14 0.426577 0.716425 0.10865 0.200365 0.401208
8 0.572146 0.874729 0.141963 0.24746 0.38786
8 0.734304 0.788418 0.0863928 0.191033 0.267711
14 0.315307 0.703279 0.0868279 0.183779 0.256549
8 0.775407 0.943244 0.161832 0.111555 0.251874
