8 0.64434 0.771282 0.141042 0.340264 0.974216
14 0.504885 0.625908 0.213395 0.73676 0.899119
14 0.302662 0.699161 0.138011 0.429772 0.84728
8 0.243519 0.75712 0.0689315 0.339582 0.816671
8 0.0490211 0.717018 0.0959186 0.269846 0.73803
14 0.064941 0.475763 0.0798039 0.0968379 0.715058
14 0.932899 0.86445 0.132035 0.267655 0.668709
8 0.396101 0.829772 0.105586 0.335349 0.610463
14 0.760704 0.498959 0.0660662 0.122808 0.572467
8 0.440347 0.828821 0.196309 0.338013 0.44911
14 0.711068 0.477133 0.0444356 0.0863836 0.428583
8 0.278746 0.758048 0.139769 0.342434 0.417433
8 0.743881 0.684593 0.0855493 0.213197 0.285722
