11 0.374092 0.605692 0.309619 0.391346 0.909691
14 0.9132 0.461221 0.149562 0.488553 0.904904
14 0.508244 0.516885 0.0612842 0.159932 0.896587
14 0.741296 0.412141 0.193683 0.599973 0.780456
14 0.681488 0.537714 0.210213 0.392787 0.688193
14 0.408061 0.39987 0.040476 0.0949543 0.664174
14 0.143051 0.429893 0.088826 0.135918 0.551216
12 0.101069 0.603616 0.201856 0.374193 0.496367
11 0.100976 0.602903 0.201953 0.375535 0.460821
14 0.430047 0.401262 0.0280159 0.0949676 0.391142
14 0.143196 0.457966 0.089926 0.191461 0.362259
12 0.374149 0.608192 0.310394 0.388506 0.336785
14 0.143815 0.52647 0.0922638 0.328989 0.331288
