0 0.331364 0.375881 0.10068 0.0870305 0.907915
3 0.87955 0.866295 0.200328 0.133829 0.82837
3 0.401455 0.872294 0.145417 0.08881 0.81856
3 0.177203 0.86542 0.234601 0.109337 0.726061
0 0.345964 0.276445 0.103609 0.087427 0.643626
0 0.388614 0.334003 0.095791 0.091187 0.59905
3 0.704589 0.864567 0.12856 0.11395 0.591198
3 0.567486 0.872889 0.143781 0.0901879 0.563299
0 0.300576 0.321356 0.114374 0.0909883 0.432601
3 0.633565 0.864323 0.269352 0.112449 0.409688
3 0.0262164 0.874995 0.0524328 0.072257 0.36468
