8 0.283597 0.846723 0.230576 0.30288 0.924127
14 0.494962 0.657526 0.111201 0.547525 0.910987
15 0.0928079 0.674881 0.185616 0.382613 0.880095
14 0.388898 0.652669 0.111561 0.554567 0.872453
14 0.581314 0.647645 0.126866 0.704709 0.832379
14 0.291969 0.595789 0.248377 0.597059 0.798388
14 0.430783 0.565934 0.051952 0.310106 0.6706
14 0.316152 0.407786 0.0614773 0.175146 0.580023
14 0.336695 0.603478 0.136685 0.587459 0.422186
14 0.315662 0.45184 0.0636591 0.264134 0.333442
14 0.894046 0.838036 0.208598 0.321972 0.306904
8 0.879126 0.833286 0.181421 0.200521 0.306584
