14 0.578807 0.649567 0.471759 0.700036 0.895048
14 0.268433 0.392084 0.191925 0.433177 0.834141
14 0.1208 0.520909 0.240139 0.439299 0.821388
14 0.790455 0.448273 0.198614 0.428725 0.804728
14 0.469035 0.333533 0.145551 0.256973 0.784398
14 0.872339 0.319083 0.0916375 0.253366 0.656511
14 0.625765 0.236479 0.123967 0.139093 0.609002
14 0.544338 0.254715 0.0636627 0.153302 0.601674
14 0.833001 0.24719 0.0635746 0.17141 0.516151
10 0.296654 0.705845 0.591965 0.583864 0.510371
8 0.88256 0.823704 0.167997 0.349668 0.431625
8 0.865992 0.616344 0.121822 0.240642 0.325495
