12 0.73688 0.631252 0.111982 0.309452 0.978417
14 0.880529 0.64194 0.0617233 0.324859 0.912104
12 0.313036 0.707357 0.451893 0.479912 0.905432
14 0.61887 0.660277 0.113832 0.463572 0.887728
14 0.281331 0.516084 0.0837196 0.321672 0.87626
14 0.831772 0.621577 0.0773502 0.36007 0.864126
6 0.678916 0.464409 0.0704457 0.066585 0.825384
14 0.788633 0.67575 0.0644537 0.294118 0.719413
6 0.876179 0.474923 0.0577824 0.0456223 0.525805
6 0.738009 0.481759 0.0544751 0.0459442 0.468075
14 0.48931 0.687212 0.0942652 0.443714 0.401765
14 0.864636 0.628735 0.0561134 0.351842 0.288588
