16 0.667732 0.527292 0.19761 0.274617 0.97893
16 0.333537 0.465105 0.195607 0.188532 0.756884
16 0.469269 0.489404 0.191803 0.202997 0.68647
16 0.227199 0.480698 0.0711596 0.158142 0.591486
16 0.838671 0.465279 0.0628437 0.197826 0.535366
16 0.149297 0.462002 0.147503 0.185238 0.423022
16 0.736219 0.485855 0.132053 0.229781 0.416939
16 0.139931 0.483936 0.079417 0.139758 0.314951
16 0.485072 0.490772 0.135598 0.180954 0.300207
16 0.240553 0.474867 0.0930975 0.164733 0.292552
16 0.70325 0.493923 0.189473 0.240523 0.282414
16 0.289452 0.463066 0.121819 0.189448 0.251141
