8 0.726482 0.875497 0.19654 0.247455 0.970585
8 0.889494 0.838602 0.198812 0.32258 0.942634
8 0.513476 0.886927 0.190255 0.225776 0.938205
14 0.73411 0.499633 0.115423 0.180714 0.881796
14 0.619199 0.49131 0.107043 0.204837 0.881439
14 0.525213 0.531174 0.0998325 0.189407 0.826494
14 0.952094 0.445263 0.0919708 0.190093 0.812418
14 0.894518 0.6731 0.181743 0.37308 0.799306
14 0.409888 0.634931 0.105423 0.337314 0.73964
14 0.531464 0.734294 0.163479 0.382555 0.607899
3 0.425407 0.497605 0.846166 0.994528 0.581039
14 0.707145 0.759604 0.193443 0.433854 0.57105
3 0.286673 0.497623 0.570322 0.995246 0.502387
14 0.896503 0.54042 0.104016 0.235061 0.437918
14 0.652994 0.446254 0.0550615 0.127193 0.402764
14 0.976766 0.440483 0.0448992 0.150687 0.400287
3 0.197187 0.498727 0.394113 0.997453 0.387592
10 0.692752 0.687806 0.304038 0.230362 0.331728
14 0.923565 0.506676 0.149688 0.298966 0.318317
8 0.350108 0.792046 0.0903931 0.210249 0.27463
