16 0.610013 0.499032 0.223604 0.404056 0.98
16 0.866423 0.880178 0.263715 0.239462 0.973717
16 0.274926 0.547464 0.17706 0.422219 0.971134
16 0.775638 0.861209 0.262221 0.275992 0.956438
16 0.737059 0.529498 0.143577 0.340515 0.87494
16 0.0999541 0.61724 0.193704 0.202332 0.760637
16 0.430924 0.57907 0.126251 0.178009 0.696769
16 0.824073 0.516158 0.0915611 0.194675 0.612816
16 0.844239 0.771449 0.128525 0.101662 0.584105
16 0.873856 0.666167 0.18646 0.154748 0.564594
16 0.97038 0.626234 0.0583027 0.152371 0.297753
