4 0.831089 0.537132 0.112915 0.493946 0.991418
4 0.947636 0.54541 0.101443 0.492454 0.990844
4 0.722906 0.525603 0.114525 0.51119 0.983422
4 0.597652 0.534344 0.103052 0.481259 0.970699
4 0.472636 0.524995 0.108104 0.481143 0.960536
4 0.121569 0.489477 0.105503 0.434877 0.960021
4 0.369331 0.511608 0.104258 0.484192 0.942302
4 0.264239 0.5105 0.106745 0.463885 0.917509
4 0.122111 0.388497 0.105567 0.23669 0.790482
4 0.835426 0.403774 0.106309 0.225491 0.75059
4 0.72794 0.38963 0.106656 0.244187 0.749631
4 0.265766 0.393669 0.104232 0.230065 0.730446
4 0.473253 0.39757 0.105669 0.224837 0.626629
4 0.950798 0.408857 0.0958286 0.220334 0.616602
4 0.369951 0.39216 0.103145 0.230787 0.585745
4 0.600797 0.402323 0.102204 0.219264 0.457588
