8 0.239241 0.878206 0.211119 0.240211 0.975357
8 0.660487 0.869356 0.182269 0.256621 0.958183
14 0.576466 0.481577 0.105007 0.246179 0.918189
14 0.263244 0.770455 0.221224 0.44746 0.909101
14 0.408186 0.583667 0.0918009 0.191636 0.89136
14 0.886528 0.623871 0.147726 0.741821 0.86966
14 0.303222 0.692352 0.119721 0.35517 0.865571
14 0.518687 0.55884 0.0838348 0.146604 0.839798
8 0.482714 0.919505 0.183794 0.156375 0.766166
10 0.536764 0.716862 0.513795 0.25614 0.670914
14 0.295833 0.63201 0.10554 0.238537 0.482916
10 0.535933 0.776597 0.514244 0.378476 0.423079
4 0.484108 0.646301 0.0240128 0.114514 0.258254
