4 0.297262 0.586597 0.145454 0.574778 0.952574
4 0.543509 0.518019 0.131146 0.53811 0.90095
4 0.428335 0.551364 0.135474 0.555043 0.899826
4 0.631348 0.452684 0.108224 0.495514 0.898944
4 0.723153 0.463422 0.164342 0.518975 0.875642
4 0.229264 0.488789 0.0992642 0.538996 0.839487
4 0.510066 0.912423 0.117239 0.172975 0.696994
4 0.409619 0.92888 0.115739 0.140623 0.672456
4 0.607363 0.897124 0.109185 0.204341 0.658329
4 0.687804 0.883792 0.123501 0.231533 0.657464
4 0.102016 0.551907 0.124779 0.358518 0.594678
4 0.488207 0.4308 0.103636 0.495656 0.571006
4 0.365592 0.312763 0.0970953 0.226142 0.528314
4 0.100802 0.198654 0.162483 0.397063 0.45903
4 0.379153 0.518246 0.113449 0.594011 0.432727
4 0.0923889 0.674211 0.181701 0.647601 0.377087
4 0.111447 0.86179 0.131091 0.275672 0.371455
4 0.490884 0.283624 0.112487 0.208196 0.369428
4 0.0522283 0.508047 0.0577601 0.225832 0.333403
4 0.768791 0.867305 0.130453 0.263435 0.325013
4 0.822506 0.411333 0.0838916 0.272527 0.253784
