12 0.353912 0.555162 0.0921307 0.198932 0.979345
12 0.462991 0.590641 0.0994891 0.367301 0.977074
14 0.615663 0.559493 0.0618116 0.221019 0.958153
14 0.658733 0.544492 0.0429081 0.23751 0.954745
12 0.551372 0.52881 0.133729 0.249818 0.941551
14 0.817335 0.6025 0.0769167 0.310141 0.930243
12 0.204697 0.538544 0.068286 0.184222 0.888245
14 0.345848 0.477311 0.0573037 0.181754 0.732854
14 0.207983 0.473784 0.0748866 0.172096 0.732275
12 0.515564 0.529014 0.204169 0.254624 0.60417
14 0.517454 0.481117 0.0569908 0.188796 0.404962
12 0.494814 0.588285 0.157396 0.365818 0.362499
14 0.0153783 0.547914 0.0307565 0.215689 0.322016
