14 0.260715 0.505803 0.109037 0.503107 0.902017
14 0.353713 0.434509 0.135189 0.445024 0.885704
14 0.90102 0.54982 0.150524 0.353817 0.864549
14 0.838668 0.737813 0.244115 0.51508 0.860994
14 0.480306 0.425874 0.133499 0.433283 0.83838
14 0.19714 0.496061 0.0626778 0.185264 0.773247
14 0.616293 0.494905 0.0908474 0.317099 0.726742
14 0.681388 0.529577 0.117765 0.348221 0.613827
14 0.162544 0.708935 0.204152 0.576763 0.5821
14 0.1159 0.687314 0.230781 0.617776 0.474478
10 0.583378 0.810458 0.734145 0.374982 0.36145
