14 0.614501 0.58072 0.0499311 0.195037 0.893209
14 0.241189 0.619696 0.0572548 0.244376 0.866492
14 0.550791 0.584741 0.0588406 0.195916 0.856839
14 0.684156 0.568041 0.0551289 0.194172 0.855043
14 0.732696 0.553279 0.0440779 0.176227 0.820139
1 0.90421 0.797742 0.188198 0.165081 0.764046
14 0.450462 0.59712 0.0523758 0.207651 0.70524
14 0.420427 0.570887 0.0565503 0.179839 0.675177
14 0.388734 0.719418 0.0730783 0.218289 0.663565
1 0.834445 0.845332 0.16383 0.131558 0.522311
14 0.503308 0.599069 0.0534084 0.179242 0.51888
