14 0.397118 0.731041 0.184421 0.535495 0.903939
14 0.905332 0.735933 0.185085 0.348924 0.896778
14 0.185215 0.657902 0.187403 0.683919 0.889335
14 0.679972 0.548729 0.127578 0.338799 0.866285
14 0.704482 0.696229 0.114671 0.182481 0.819054
14 0.501566 0.586559 0.0719667 0.147472 0.78469
14 0.225637 0.461477 0.0704444 0.140277 0.74833
14 0.463394 0.559641 0.0631067 0.12228 0.734724
14 0.570848 0.625207 0.0834507 0.139219 0.680641
14 0.821126 0.668079 0.103533 0.257087 0.546581
14 0.566015 0.595689 0.107217 0.191892 0.493876
