8 0.126815 0.827856 0.253631 0.340764 0.900428
14 0.134069 0.629944 0.268137 0.645145 0.875217
10 0.499079 0.701149 0.504022 0.592142 0.85085
8 0.875754 0.893446 0.244592 0.210366 0.836081
14 0.691339 0.437243 0.125301 0.272038 0.835197
14 0.863721 0.65047 0.26841 0.689268 0.829687
14 0.315418 0.447149 0.0904607 0.248272 0.828828
14 0.778883 0.511039 0.189361 0.408176 0.723439
14 0.233548 0.510089 0.127016 0.404513 0.666311
14 0.618498 0.361883 0.0947063 0.241172 0.623499
14 0.38318 0.392364 0.0700807 0.15152 0.588418
