6 0.150152 0.304402 0.199979 0.205815 0.708673
14 0.263593 0.237257 0.0703032 0.172501 0.684816
14 0.521421 0.531852 0.101903 0.258835 0.680479
14 0.170536 0.767947 0.135015 0.291546 0.568195
5 0.845969 0.859275 0.307358 0.267454 0.560525
5 0.823204 0.103546 0.141373 0.204633 0.554467
14 0.300246 0.496058 0.100218 0.234344 0.536436
5 0.872954 0.601958 0.253392 0.283338 0.512324
6 0.949605 0.0600985 0.0912487 0.120197 0.416459
13 0.530008 0.581781 0.11494 0.196538 0.414074
13 0.296346 0.552583 0.104542 0.175871 0.355141
13 0.168335 0.84362 0.139366 0.266457 0.347995
14 0.908929 0.903529 0.0929102 0.112897 0.263479
6 0.0417774 0.394027 0.0835547 0.186578 0.262507
