14 0.800526 0.582792 0.239741 0.49532 0.671024
14 0.577702 0.552893 0.222537 0.483148 0.609892
4 0.463708 0.751624 0.0372533 0.206574 0.551895
14 0.414123 0.567089 0.171163 0.600638 0.491092
14 0.275096 0.673386 0.229975 0.653227 0.453413
14 0.485298 0.29877 0.137896 0.319066 0.430552
14 0.747306 0.581025 0.332776 0.493967 0.419024
14 0.680153 0.547301 0.114501 0.491972 0.409729
14 0.590357 0.538623 0.16676 0.427456 0.382902
14 0.421882 0.499808 0.140204 0.440661 0.336685
14 0.680237 0.445408 0.112572 0.283921 0.319572
14 0.523255 0.677467 0.0635696 0.129881 0.281917
14 0.586137 0.477506 0.157101 0.330012 0.26046
14 0.313734 0.28392 0.135979 0.230592 0.260176
