4 0.386696 0.644714 0.0399932 0.141918 0.855942
14 0.134179 0.372112 0.208388 0.316823 0.788226
14 0.508562 0.490138 0.0851124 0.171039 0.710533
4 0.340122 0.592233 0.0455143 0.11874 0.698203
14 0.391246 0.48619 0.162283 0.202269 0.690365
14 0.63986 0.35827 0.158669 0.238463 0.671039
14 0.100642 0.610654 0.199138 0.388407 0.65054
14 0.575366 0.508858 0.115571 0.250512 0.638344
14 0.633212 0.63973 0.188154 0.458502 0.590571
14 0.714914 0.689409 0.349063 0.618829 0.533958
14 0.341968 0.368224 0.181316 0.193777 0.521107
10 0.33946 0.779832 0.671299 0.434453 0.499108
14 0.228071 0.557634 0.131726 0.289368 0.495767
14 0.413619 0.346097 0.118481 0.232816 0.491898
14 0.36142 0.495472 0.231277 0.226022 0.412727
14 0.638403 0.574505 0.19327 0.294327 0.396191
14 0.534902 0.496719 0.157257 0.194883 0.384836
14 0.518582 0.325611 0.141688 0.214599 0.381054
14 0.115229 0.543189 0.202052 0.479053 0.352726
14 0.416947 0.382992 0.138745 0.311346 0.348968
4 0.334616 0.717957 0.0331929 0.158872 0.323774
14 0.292085 0.465156 0.089174 0.126481 0.263707
