3 0.0940344 0.546189 0.0970058 0.0676247 0.780958
14 0.653404 0.72275 0.16238 0.551976 0.736336
14 0.53888 0.764954 0.160419 0.468954 0.71303
3 0.180336 0.413486 0.29751 0.341923 0.624672
3 0.183203 0.462607 0.284536 0.241248 0.591192
3 0.215739 0.472106 0.221276 0.203829 0.545519
3 0.336611 0.48923 0.129152 0.131909 0.508735
3 0.0962294 0.525965 0.10267 0.10414 0.452124
3 0.225481 0.496493 0.202738 0.163336 0.405884
3 0.439218 0.422534 0.841073 0.759244 0.301565
3 0.464279 0.322019 0.736113 0.545189 0.29798
3 0.102128 0.469043 0.12193 0.216172 0.288222
3 0.446819 0.478563 0.115519 0.161421 0.274899
