4 0.337005 0.740223 0.0357582 0.147704 0.995399
4 0.424919 0.738617 0.0357948 0.146216 0.993671
4 0.308665 0.73966 0.0320808 0.150198 0.992933
4 0.456634 0.736502 0.0334429 0.147934 0.991658
4 0.277195 0.742634 0.0348597 0.146234 0.991246
4 0.368362 0.738472 0.0317144 0.147709 0.991228
4 0.101898 0.749599 0.035093 0.148757 0.989416
4 0.396467 0.738862 0.0320214 0.151678 0.986254
4 0.220242 0.742941 0.0316674 0.145912 0.986239
4 0.191014 0.744552 0.0321106 0.144084 0.983521
4 0.13158 0.747421 0.0345488 0.140046 0.980003
4 0.0436947 0.748726 0.0315359 0.141207 0.973584
4 0.486088 0.737022 0.0356465 0.152314 0.973299
4 0.161379 0.749656 0.0356664 0.149983 0.956929
4 0.247317 0.744769 0.0338103 0.143734 0.947599
4 0.0737536 0.750482 0.036294 0.144915 0.944299
4 0.0174548 0.754206 0.0349096 0.146572 0.93687
14 0.573952 0.588752 0.635072 0.808596 0.562946
19 0.897082 0.159958 0.199161 0.319916 0.288355
