14 0.740927 0.531138 0.507544 0.604098 0.840295
14 0.221196 0.4946 0.442392 0.554726 0.772802
14 0.313804 0.440484 0.0847092 0.145329 0.619222
14 0.471139 0.306243 0.124689 0.352591 0.583314
14 0.628061 0.395856 0.0816857 0.153081 0.553928
14 0.553105 0.395237 0.202753 0.264065 0.505518
14 0.973107 0.344555 0.0478099 0.0870898 0.498277
14 0.390482 0.348702 0.0567923 0.102025 0.404825
14 0.546182 0.50795 0.220092 0.50633 0.397059
14 0.292271 0.264322 0.0793582 0.272895 0.352489
14 0.266944 0.259028 0.125201 0.284591 0.259608
