14 0.729086 0.745792 0.31175 0.508416 0.821118
14 0.67613 0.415594 0.236552 0.361569 0.680745
14 0.47528 0.603532 0.238659 0.714405 0.678902
14 0.291044 0.419142 0.164328 0.276974 0.653679
14 0.708824 0.167281 0.236329 0.264833 0.543757
14 0.295228 0.719741 0.241568 0.47307 0.490962
14 0.130439 0.585386 0.260879 0.751034 0.426258
14 0.403159 0.905838 0.143797 0.185573 0.345599
14 0.715324 0.436558 0.333207 0.428483 0.313994
14 0.862915 0.518616 0.274085 0.709856 0.305275
14 0.286052 0.551721 0.177578 0.567304 0.259551
14 0.747547 0.217597 0.328319 0.371833 0.251682
