2 0.522415 0.8535 0.161674 0.212483 0.90045
2 0.171846 0.513133 0.145986 0.145001 0.791078
2 0.87064 0.183581 0.162171 0.14352 0.662343
2 0.0461152 0.707005 0.0922304 0.138616 0.627311
2 0.367571 0.695267 0.182389 0.151782 0.608029
2 0.550774 0.0884079 0.0990066 0.0982141 0.482596
2 0.383117 0.370776 0.198621 0.117382 0.452492
2 0.432492 0.523197 0.140843 0.123413 0.431447
2 0.72262 0.687475 0.110881 0.195229 0.412762
0 0.171949 0.514728 0.142257 0.133903 0.353721
2 0.0415757 0.350007 0.0831514 0.136467 0.347877
0 0.378011 0.380462 0.194792 0.109283 0.28684
0 0.433041 0.523493 0.139793 0.119432 0.262488
0 0.869758 0.181433 0.153679 0.135558 0.252328
