3 0.724386 0.289102 0.119635 0.195539 0.91513
3 0.442368 0.322213 0.556914 0.6325 0.811391
3 0.975894 0.333929 0.048212 0.109495 0.705869
3 0.385963 0.293701 0.673676 0.587401 0.684532
3 0.811964 0.328136 0.0774231 0.13005 0.632257
3 0.923522 0.553755 0.148546 0.220403 0.618768
3 0.163245 0.324253 0.0757936 0.0653168 0.518674
3 0.89033 0.215845 0.187937 0.248993 0.507739
3 0.423174 0.505326 0.582156 0.941566 0.486618
3 0.812281 0.35284 0.0761749 0.0766736 0.411956
3 0.637987 0.344299 0.177269 0.433661 0.40135
3 0.669978 0.247601 0.240298 0.281459 0.388513
3 0.350484 0.217753 0.22788 0.309091 0.373171
3 0.923091 0.51752 0.148469 0.148717 0.363728
3 0.272786 0.442284 0.217393 0.379699 0.330968
3 0.345352 0.278624 0.214393 0.180277 0.326041
3 0.809984 0.291395 0.0792924 0.195496 0.301261
3 0.165812 0.292436 0.0772176 0.131174 0.268977
3 0.577036 0.221681 0.255677 0.343302 0.251995
