14 0.0472648 0.698863 0.0936028 0.602274 0.862064
14 0.577984 0.88997 0.169106 0.205455 0.734461
14 0.374168 0.685963 0.211102 0.628074 0.712817
14 0.132395 0.675601 0.180574 0.648799 0.691717
14 0.768694 0.875086 0.211317 0.239642 0.687264
14 0.641862 0.644072 0.166703 0.678353 0.651532
14 0.257695 0.65739 0.181224 0.6707 0.640799
14 0.762319 0.569452 0.188639 0.646473 0.632402
14 0.910674 0.906575 0.169271 0.181086 0.579633
14 0.410059 0.490021 0.129968 0.228241 0.302883
14 0.270829 0.418011 0.112541 0.204866 0.270568
