3 0.354933 0.627568 0.355025 0.742504 0.935891
3 0.618243 0.556865 0.248294 0.600442 0.843744
3 0.151131 0.638146 0.302263 0.722796 0.700744
3 0.110173 0.531484 0.215219 0.536272 0.607631
3 0.743413 0.532259 0.151107 0.494312 0.494592
3 0.732386 0.583642 0.183675 0.504364 0.484855
3 0.671809 0.564209 0.353277 0.618163 0.483227
3 0.376729 0.581842 0.300457 0.544931 0.45985
3 0.720295 0.497591 0.143649 0.414087 0.399319
3 0.74577 0.592481 0.50846 0.636771 0.396137
3 0.884509 0.43467 0.041454 0.229689 0.382584
3 0.609432 0.673099 0.221195 0.358694 0.327318
3 0.71015 0.669435 0.566609 0.66113 0.320789
3 0.299188 0.592152 0.251669 0.527585 0.283773
3 0.763844 0.511003 0.202507 0.548264 0.270954
