14 0.521407 0.561867 0.0872355 0.146042 0.795323
14 0.568741 0.485289 0.117957 0.241845 0.645026
14 0.404462 0.591956 0.0974043 0.208003 0.6125
4 0.483835 0.647532 0.0285279 0.123905 0.518084
14 0.26457 0.762806 0.228308 0.428157 0.516977
14 0.224422 0.712079 0.148216 0.324575 0.478158
14 0.300087 0.618919 0.110012 0.208538 0.46195
14 0.903221 0.624958 0.172998 0.750084 0.453879
10 0.540001 0.775142 0.543723 0.370214 0.332435
8 0.659449 0.865922 0.182059 0.263877 0.326228
14 0.868253 0.621789 0.216559 0.745141 0.293409
14 0.30997 0.701801 0.131735 0.365611 0.269968
14 0.264266 0.828593 0.214586 0.341337 0.251608
