16 0.274235 0.547462 0.176866 0.422942 0.971486
16 0.871085 0.874028 0.257576 0.251943 0.938579
16 0.611329 0.506253 0.22158 0.409695 0.88155
16 0.738893 0.895325 0.190126 0.209351 0.822175
16 0.231768 0.544312 0.267934 0.417439 0.81833
16 0.431888 0.576426 0.130339 0.184887 0.814138
16 0.87728 0.663445 0.190882 0.163446 0.672835
16 0.750363 0.529163 0.14315 0.351759 0.643046
16 0.819799 0.89715 0.351694 0.2057 0.633853
16 0.724709 0.53401 0.156646 0.353613 0.527872
16 0.138081 0.641324 0.188508 0.185448 0.418643
16 0.784355 0.536639 0.170491 0.343651 0.399987
16 0.203636 0.616242 0.32168 0.264365 0.36016
16 0.880985 0.789691 0.198844 0.420619 0.297448
