14 0.414236 0.819086 0.175006 0.361828 0.639619
14 0.699859 0.70942 0.107093 0.327709 0.536406
14 0.341015 0.68149 0.0892476 0.152785 0.498388
14 0.524279 0.811752 0.120272 0.376497 0.494961
14 0.622871 0.605387 0.0643987 0.113596 0.479143
14 0.52251 0.759199 0.111339 0.270244 0.389208
14 0.211119 0.79481 0.130515 0.318414 0.364725
14 0.447921 0.658722 0.0502646 0.0815627 0.345026
14 0.628058 0.610335 0.082885 0.12955 0.343882
14 0.22056 0.930324 0.166583 0.139351 0.330618
14 0.241878 0.808261 0.19995 0.359564 0.326874
14 0.618157 0.713549 0.102369 0.33235 0.307494
14 0.760231 0.623163 0.0631857 0.151829 0.2927
14 0.191601 0.930334 0.107417 0.139333 0.253036
