3 0.858207 0.492611 0.262269 0.332828 0.971882
3 0.380432 0.460711 0.277279 0.224553 0.95715
3 0.14864 0.478429 0.297281 0.232129 0.930844
3 0.631762 0.483236 0.30387 0.293151 0.882459
3 0.204738 0.5526 0.182144 0.0603028 0.803681
3 0.671321 0.575386 0.236527 0.161115 0.749142
3 0.587242 0.461897 0.215495 0.254206 0.679561
3 0.107265 0.498284 0.214531 0.185798 0.623958
3 0.211934 0.490565 0.193736 0.182575 0.575142
3 0.204523 0.539514 0.176517 0.0833909 0.510296
3 0.574636 0.515998 0.191879 0.211852 0.401415
3 0.67109 0.544704 0.24402 0.228721 0.292218
3 0.420841 0.447461 0.201559 0.209925 0.278204
