16 0.503775 0.178432 0.252981 0.313834 0.937689
16 0.0623042 0.153066 0.124239 0.291455 0.898835
16 0.171234 0.707162 0.321788 0.585676 0.892425
16 0.450936 0.581063 0.31326 0.618223 0.755574
16 0.767071 0.437709 0.397261 0.650653 0.711451
16 0.769084 0.64634 0.34913 0.510026 0.668793
16 0.503494 0.26752 0.252007 0.501942 0.433297
16 0.883819 0.270811 0.222013 0.283339 0.425897
16 0.499102 0.38052 0.256006 0.724786 0.419569
16 0.121771 0.46896 0.241122 0.375619 0.362675
16 0.913488 0.273743 0.155836 0.269812 0.322009
16 0.763894 0.310877 0.399966 0.397864 0.275127
16 0.941244 0.271864 0.0986601 0.269691 0.252268
