14 0.432715 0.599599 0.241364 0.46525 0.824404
4 0.120589 0.859018 0.0565551 0.277705 0.82068
14 0.146413 0.642615 0.234374 0.397528 0.7362
4 0.122517 0.789718 0.0505587 0.140649 0.540609
14 0.875462 0.73956 0.247403 0.518804 0.456125
14 0.707101 0.504782 0.237799 0.705987 0.428243
14 0.716863 0.422054 0.218811 0.5374 0.391617
14 0.915191 0.54463 0.125308 0.153949 0.375897
14 0.680032 0.527353 0.15933 0.190396 0.320922
14 0.555356 0.461023 0.127905 0.195716 0.309855
10 0.423374 0.890583 0.822442 0.218833 0.283573
14 0.697316 0.605276 0.197659 0.347383 0.279424
14 0.722065 0.352212 0.2059 0.386384 0.262024
