14 0.813686 0.479303 0.120956 0.338124 0.788449
14 0.359626 0.580117 0.204781 0.28314 0.767787
14 0.93847 0.641008 0.123059 0.409944 0.72033
14 0.620865 0.485995 0.111013 0.360831 0.699889
14 0.399926 0.422179 0.143906 0.284621 0.614539
14 0.687759 0.458946 0.0795144 0.217092 0.602027
14 0.235551 0.505669 0.163213 0.445163 0.600072
14 0.399152 0.490101 0.135761 0.428109 0.573404
14 0.938354 0.529285 0.123293 0.197089 0.566961
14 0.528213 0.5536 0.156121 0.263683 0.555628
14 0.235385 0.443317 0.161477 0.314434 0.424116
14 0.056894 0.517876 0.113788 0.54931 0.407706
14 0.527779 0.65653 0.165434 0.472343 0.347939
14 0.815298 0.574946 0.118318 0.531891 0.306775
