14 0.9017 0.598527 0.194369 0.300241 0.766185
14 0.413423 0.371659 0.074732 0.270124 0.711396
8 0.105786 0.597969 0.108563 0.254685 0.710288
14 0.124965 0.376623 0.0990564 0.288136 0.597984
14 0.617778 0.42923 0.1607 0.326098 0.564638
14 0.122395 0.514402 0.100788 0.56007 0.445422
8 0.104232 0.552564 0.103909 0.165684 0.39501
14 0.248291 0.473143 0.124583 0.241319 0.372661
14 0.556182 0.78017 0.418547 0.42442 0.352777
14 0.603022 0.435845 0.105594 0.312334 0.336284
14 0.0628922 0.364736 0.0753119 0.260715 0.318544
