14 0.16575 0.567279 0.153516 0.669403 0.893382
14 0.0344648 0.549884 0.0684697 0.651313 0.885335
14 0.806599 0.579032 0.140722 0.697368 0.843567
14 0.938077 0.556581 0.118292 0.758804 0.829156
14 0.668843 0.565799 0.183529 0.736706 0.757399
14 0.319393 0.562299 0.175379 0.727658 0.696658
3 0.424826 0.46965 0.662721 0.919212 0.501143
3 0.447574 0.464391 0.895147 0.91771 0.416026
3 0.479948 0.46624 0.393592 0.93248 0.403192
3 0.512606 0.585571 0.233467 0.327845 0.343126
14 0.948431 0.677981 0.0997296 0.482301 0.257876
