15 0.0914262 0.679722 0.182852 0.387599 0.958843
14 0.304091 0.603781 0.274355 0.60414 0.912111
10 0.810555 0.838317 0.345419 0.323366 0.902618
14 0.581369 0.64796 0.126965 0.698289 0.879924
14 0.494833 0.649181 0.109172 0.532447 0.862271
14 0.390161 0.657011 0.103532 0.560952 0.855924
8 0.295697 0.846236 0.211646 0.301115 0.835187
14 0.895045 0.811745 0.206751 0.371556 0.819932
14 0.428721 0.616189 0.0486686 0.410433 0.736347
14 0.678116 0.550916 0.0807268 0.0907737 0.657382
8 0.877127 0.840091 0.177952 0.211464 0.414778
14 0.316437 0.405635 0.0621215 0.171846 0.324358
14 0.309897 0.592467 0.0762907 0.556071 0.289543
14 0.305863 0.597518 0.107488 0.572526 0.268786
