6 0.888771 0.806973 0.216556 0.383668 0.953451
14 0.0381966 0.656779 0.062838 0.196393 0.932227
6 0.101989 0.669273 0.203978 0.12085 0.912092
6 0.715356 0.736682 0.38936 0.331062 0.908914
14 0.321049 0.676604 0.0989001 0.491611 0.89606
14 0.493943 0.708323 0.100852 0.433859 0.882218
14 0.596401 0.729074 0.0968696 0.524511 0.852047
14 0.398575 0.698075 0.0937235 0.438929 0.828067
14 0.110235 0.336605 0.0776321 0.172219 0.796895
14 0.137077 0.661742 0.0485391 0.192877 0.792103
6 0.88759 0.667819 0.103125 0.0636159 0.72201
14 0.12731 0.661477 0.0627416 0.186394 0.693824
14 0.0991375 0.66136 0.0367146 0.189705 0.632442
6 0.124651 0.665722 0.157904 0.103547 0.368234
6 0.148524 0.674453 0.108399 0.123994 0.271392
