12 0.312352 0.703673 0.457298 0.473669 0.947959
12 0.73794 0.622542 0.114642 0.330879 0.923362
14 0.618671 0.666694 0.112506 0.468548 0.908534
14 0.832002 0.61812 0.0796228 0.355473 0.902212
14 0.281341 0.512876 0.0850999 0.316066 0.890546
14 0.881667 0.639151 0.0561932 0.325133 0.886066
14 0.787926 0.667053 0.0607013 0.273124 0.869476
6 0.676958 0.470705 0.0706749 0.0536358 0.823579
14 0.490288 0.76239 0.0913618 0.318644 0.79018
14 0.849539 0.620647 0.112251 0.362639 0.634582
6 0.875592 0.474621 0.0574836 0.0426663 0.605897
6 0.736069 0.480058 0.0529423 0.0454027 0.540765
6 0.563975 0.45181 0.0757741 0.0387933 0.502514
6 0.797999 0.471803 0.0514496 0.0516559 0.301139
