11 0.371629 0.593465 0.313785 0.406301 0.911899
14 0.912613 0.460998 0.150367 0.48784 0.904217
14 0.507369 0.513743 0.0626388 0.154254 0.875237
11 0.101336 0.607858 0.202673 0.371485 0.87293
14 0.682556 0.537748 0.211675 0.394066 0.779878
14 0.741074 0.409181 0.195057 0.595585 0.7546
14 0.140074 0.50893 0.0877739 0.283246 0.733273
14 0.410908 0.397932 0.0443415 0.0953769 0.484658
14 0.429999 0.400091 0.026965 0.0927655 0.355842
14 0.272695 0.38789 0.0576179 0.0905059 0.297693
8 0.895307 0.589005 0.148459 0.257045 0.263362
