6 0.872582 0.601116 0.252664 0.279586 0.954613
6 0.846625 0.864554 0.302965 0.266174 0.953693
6 0.326186 0.40058 0.203298 0.224789 0.935447
14 0.52003 0.518226 0.0993639 0.232341 0.929085
13 0.155487 0.85306 0.121245 0.252502 0.926047
6 0.883657 0.293483 0.168231 0.211374 0.920962
6 0.911084 0.377604 0.170597 0.181337 0.918144
6 0.822232 0.0998688 0.140071 0.198207 0.912139
6 0.0421055 0.396283 0.0827959 0.17934 0.908262
6 0.598073 0.325305 0.165696 0.203137 0.904114
14 0.17059 0.76678 0.121467 0.286535 0.894681
6 0.374909 0.287809 0.187974 0.23356 0.887102
6 0.145491 0.305737 0.198994 0.205597 0.886224
13 0.516947 0.574635 0.107914 0.212216 0.837425
6 0.951063 0.0604871 0.0930973 0.120974 0.833562
14 0.297176 0.495566 0.0982186 0.223548 0.829739
5 0.41636 0.111472 0.265912 0.219432 0.828309
13 0.296123 0.560379 0.106483 0.16398 0.81471
6 0.930759 0.411808 0.133398 0.118457 0.786871
6 0.973755 0.129116 0.048663 0.162085 0.773487
6 0.855953 0.224607 0.142984 0.169773 0.654209
6 0.597444 0.0917204 0.113852 0.143042 0.642285
14 0.264966 0.207414 0.0679714 0.10619 0.556145
14 0.265435 0.230546 0.0668197 0.152062 0.378195
6 0.624103 0.0688941 0.0998091 0.13538 0.323051
6 0.583048 0.164967 0.130347 0.113642 0.299147
6 0.594102 0.238943 0.168693 0.147567 0.291476
14 0.216559 0.176058 0.0493916 0.0652352 0.286506
