10 0.435997 0.842467 0.636414 0.312426 0.96252
14 0.596521 0.568631 0.262396 0.324067 0.953407
14 0.79596 0.70914 0.194925 0.569263 0.91587
14 0.158859 0.626739 0.203856 0.369114 0.880236
14 0.535181 0.366691 0.308355 0.407133 0.87885
14 0.375051 0.574921 0.22584 0.291273 0.847955
4 0.41201 0.702389 0.0333066 0.101386 0.722085
10 0.930677 0.743277 0.134933 0.369649 0.688088
14 0.643709 0.417977 0.0726186 0.223227 0.631359
4 0.37415 0.662188 0.0313836 0.0730528 0.614281
8 0.854269 0.835985 0.198485 0.324114 0.585173
14 0.303228 0.417903 0.0752822 0.274077 0.416999
14 0.154797 0.834486 0.309593 0.328936 0.394824
