4 0.601149 0.227551 0.150765 0.411618 0.944805
4 0.763917 0.228603 0.143771 0.417918 0.942544
4 0.287151 0.955411 0.118204 0.0841431 0.939199
4 0.434179 0.534492 0.146894 0.376605 0.938969
4 0.444285 0.231266 0.142714 0.407853 0.934194
4 0.592816 0.534692 0.144231 0.384826 0.93297
4 0.750969 0.823014 0.151907 0.336738 0.928816
4 0.288515 0.234689 0.168889 0.408046 0.9278
4 0.283113 0.534611 0.160564 0.374884 0.917588
4 0.446075 0.81058 0.148063 0.316982 0.909476
4 0.75745 0.535948 0.146264 0.376279 0.907711
4 0.28575 0.799728 0.153823 0.312029 0.892596
4 0.428975 0.959812 0.0968528 0.0761974 0.881326
4 0.579795 0.963441 0.0911372 0.0696159 0.862971
4 0.278791 0.479597 0.151884 0.263096 0.287622
