8 0.502063 0.705285 0.14053 0.256141 0.938684
8 0.737415 0.647686 0.15282 0.245044 0.929562
8 0.293829 0.638601 0.12723 0.226268 0.923272
8 0.274452 0.659985 0.155389 0.232799 0.918167
17 0.51047 0.598015 0.192682 0.188464 0.885604
8 0.699766 0.625082 0.135205 0.216727 0.873517
15 0.672991 0.554564 0.128285 0.140318 0.745073
15 0.685875 0.419585 0.142972 0.201597 0.743335
15 0.342623 0.410392 0.243558 0.192806 0.717772
15 0.419955 0.481776 0.0617471 0.0709782 0.307809
15 0.599566 0.47592 0.0653866 0.0482837 0.288338
15 0.676377 0.52855 0.111319 0.100684 0.257529
10 0.508241 0.578056 0.160982 0.102637 0.256879
