8 0.348655 0.62213 0.30929 0.561917 0.94799
8 0.721813 0.554896 0.258672 0.515198 0.938037
8 0.152997 0.462816 0.172615 0.42415 0.900544
10 0.457411 0.569626 0.635281 0.624276 0.8014
8 0.291648 0.258136 0.0821528 0.108542 0.754631
8 0.79093 0.334818 0.0986666 0.218825 0.622559
8 0.380235 0.223101 0.0897091 0.114326 0.581241
8 0.232039 0.287938 0.0925518 0.125533 0.490053
8 0.828108 0.32269 0.103527 0.308549 0.473762
8 0.586933 0.359029 0.102187 0.365664 0.394836
8 0.213408 0.433376 0.149235 0.407526 0.303293
8 0.8415 0.317897 0.0746014 0.297827 0.270118
