10 0.530793 0.91201 0.175503 0.0652435 0.998583
10 0.100294 0.914476 0.147564 0.0562061 0.995307
10 0.48503 0.86823 0.158344 0.0450442 0.982079
10 0.604773 0.961545 0.193504 0.0739534 0.955644
10 0.837423 0.825741 0.115897 0.0401569 0.944499
10 0.838859 0.83515 0.117493 0.0645996 0.912064
10 0.510019 0.909406 0.142787 0.0569227 0.908954
10 0.515003 0.904905 0.168592 0.0741181 0.900758
8 0.768365 0.861914 0.122874 0.136627 0.880862
10 0.49771 0.894787 0.176303 0.100503 0.879136
8 0.165743 0.948279 0.140371 0.0998141 0.849317
10 0.0997494 0.94223 0.191803 0.11554 0.819227
14 0.949901 0.87742 0.0957335 0.234964 0.813833
8 0.462271 0.95975 0.122858 0.0786722 0.802189
8 0.593873 0.851873 0.0614866 0.0902052 0.764351
10 0.0492361 0.971724 0.0906659 0.0556132 0.709038
8 0.693326 0.937092 0.142547 0.122677 0.692597
8 0.40593 0.913917 0.119428 0.16632 0.667968
8 0.644488 0.883943 0.0594044 0.0960381 0.615337
8 0.846345 0.909991 0.0640749 0.135762 0.581836
10 0.100258 0.950577 0.138973 0.0810153 0.535635
10 0.511855 0.930669 0.200904 0.133935 0.477773
8 0.801862 0.963928 0.0758799 0.0708957 0.41279
10 0.106555 0.907015 0.130943 0.0615806 0.353837
10 0.112005 0.955933 0.112112 0.0563066 0.336023
10 0.849992 0.85566 0.10902 0.117718 0.327773
10 0.130097 0.89874 0.119284 0.0784387 0.319398
8 0.593264 0.915233 0.170628 0.168197 0.289916
8 0.637165 0.937798 0.255246 0.121507 0.275904
8 0.610025 0.897386 0.129386 0.126579 0.268718
