10 0.401807 0.815297 0.463702 0.364356 0.927691
14 0.436075 0.606505 0.244582 0.491555 0.917152
4 0.790679 0.784359 0.0487917 0.256917 0.89812
14 0.269847 0.540641 0.27673 0.415134 0.892973
14 0.925446 0.725838 0.145886 0.545142 0.884814
14 0.876783 0.537887 0.162937 0.35095 0.876561
4 0.332493 0.702327 0.0456217 0.231928 0.853187
10 0.701418 0.768077 0.402418 0.458424 0.843174
14 0.593371 0.488904 0.194955 0.264074 0.810723
14 0.751754 0.459725 0.160929 0.31588 0.80874
14 0.841353 0.229254 0.124292 0.264863 0.750456
