14 0.198888 0.623678 0.347462 0.752643 0.918384
8 0.500665 0.879079 0.250478 0.235277 0.915104
14 0.746581 0.431029 0.274321 0.445998 0.910532
14 0.53383 0.404348 0.230701 0.364001 0.904862
10 0.442819 0.743381 0.852977 0.504213 0.86082
8 0.404647 0.459994 0.0824912 0.161117 0.855211
8 0.293219 0.473708 0.0896717 0.0741406 0.835279
8 0.143323 0.826357 0.275055 0.34196 0.736107
8 0.634335 0.379147 0.0608133 0.0498793 0.724681
8 0.0325697 0.596878 0.0651395 0.135078 0.695281
8 0.870604 0.413194 0.0699639 0.0679564 0.365434
