14 0.46628 0.403997 0.191491 0.203599 0.923617
10 0.415061 0.74279 0.584529 0.508839 0.91744
8 0.633594 0.368582 0.123985 0.224843 0.905532
8 0.0947477 0.761761 0.189401 0.470935 0.902202
8 0.774566 0.756874 0.267759 0.48207 0.858186
14 0.769658 0.571331 0.188964 0.509465 0.842916
14 0.401139 0.704129 0.427685 0.590747 0.70192
8 0.724266 0.38023 0.0613757 0.158475 0.38598
8 0.848734 0.457565 0.065661 0.124116 0.364817
8 0.827994 0.300374 0.0576179 0.0986529 0.273207
10 0.367462 0.391161 0.092922 0.0632883 0.253293
