6 0.438284 0.559721 0.659183 0.56272 0.948776
14 0.857972 0.418185 0.0688284 0.246106 0.921645
6 0.928763 0.565608 0.138485 0.290391 0.875572
14 0.726686 0.427299 0.0699772 0.229831 0.873266
14 0.610322 0.433379 0.0771077 0.242179 0.860114
6 0.112472 0.587323 0.224944 0.364844 0.856084
14 0.980356 0.37525 0.0347828 0.125065 0.823032
14 0.0343967 0.369891 0.0593718 0.120976 0.769637
14 0.928468 0.414824 0.0606917 0.199907 0.68888
14 0.149666 0.371255 0.0458002 0.078018 0.658327
14 0.894622 0.420206 0.0298336 0.187603 0.539371
14 0.922776 0.40149 0.0465557 0.171019 0.429597
13 0.813549 0.627981 0.114898 0.201303 0.399098
