12 0.541918 0.63965 0.0894291 0.231266 0.959761
14 0.277693 0.645452 0.129078 0.330272 0.950873
12 0.788086 0.653291 0.107892 0.21818 0.921555
12 0.415421 0.635386 0.0847231 0.228008 0.862253
12 0.674503 0.639203 0.0874192 0.203145 0.850425
9 0.421637 0.654127 0.0728231 0.200152 0.77744
12 0.627689 0.623388 0.0952333 0.200849 0.664736
9 0.676196 0.640679 0.0880963 0.202448 0.604219
12 0.322529 0.609519 0.106629 0.226863 0.559161
9 0.54655 0.644727 0.0815804 0.2156 0.442
9 0.0291773 0.611587 0.0578356 0.196964 0.438501
