14 0.355659 0.440362 0.1325 0.448475 0.903921
14 0.198217 0.493833 0.0631745 0.179745 0.895009
14 0.481387 0.427387 0.130967 0.435517 0.894497
14 0.5856 0.668394 0.314227 0.650984 0.891537
14 0.902062 0.553598 0.149681 0.359435 0.885347
14 0.262817 0.507077 0.110596 0.496982 0.879422
14 0.834545 0.741355 0.241683 0.51729 0.877949
10 0.537857 0.815857 0.416686 0.368287 0.559447
14 0.11517 0.689887 0.23034 0.612933 0.447633
14 0.617711 0.49509 0.0956223 0.314553 0.356483
14 0.683673 0.532549 0.115391 0.347056 0.28284
