14 0.551652 0.583391 0.0573685 0.197711 0.94682
14 0.240379 0.618843 0.0588275 0.24184 0.920731
14 0.683655 0.567017 0.0554354 0.195457 0.918149
14 0.504158 0.597948 0.0529557 0.177909 0.902721
14 0.617152 0.580157 0.0526604 0.196426 0.886194
14 0.388911 0.703677 0.0696408 0.188649 0.879322
14 0.733552 0.551823 0.044115 0.174387 0.873922
14 0.420161 0.586784 0.0564527 0.211958 0.860652
14 0.449623 0.590917 0.0533897 0.215202 0.840468
1 0.834424 0.843817 0.162538 0.129433 0.800959
1 0.871328 0.779204 0.115849 0.120553 0.523318
