14 0.215473 0.614344 0.429194 0.766824 0.934824
14 0.762102 0.599958 0.474218 0.787287 0.933507
10 0.535389 0.714754 0.47606 0.556565 0.906595
14 0.589494 0.356418 0.247688 0.346413 0.899292
14 0.306087 0.593209 0.256858 0.729861 0.819102
14 0.736864 0.421225 0.221469 0.437894 0.750669
8 0.151267 0.791615 0.302534 0.415631 0.716955
4 0.487457 0.509949 0.0352705 0.147141 0.532693
14 0.942402 0.285824 0.110667 0.241795 0.469217
8 0.924822 0.878754 0.146328 0.238308 0.393458
8 0.830279 0.878443 0.334925 0.239053 0.298834
