4 0.17833 0.292079 0.140539 0.202326 0.932742
4 0.424767 0.305839 0.0733686 0.205471 0.887368
4 0.748903 0.294264 0.0773749 0.117756 0.884098
4 0.504049 0.321391 0.0836854 0.209274 0.866108
4 0.318413 0.279158 0.0839851 0.181608 0.864761
10 0.5 0.674767 1 0.650466 0.854806
4 0.395432 0.207319 0.0901103 0.0899339 0.804965
4 0.681764 0.308331 0.0402461 0.0734522 0.733218
4 0.484954 0.22866 0.0986836 0.115214 0.729441
4 0.264223 0.270176 0.0765116 0.154766 0.702356
4 0.350559 0.264743 0.046705 0.169687 0.68528
4 0.640346 0.301467 0.0530645 0.0720196 0.673744
4 0.344794 0.281513 0.0560664 0.191211 0.280419
15 0.682487 0.4302 0.332679 0.192913 0.25738
