2 0.180774 0.692152 0.146175 0.338294 0.949535
2 0.370304 0.754822 0.16162 0.353497 0.946987
2 0.558607 0.650283 0.0908247 0.34023 0.925482
2 0.323499 0.53503 0.110786 0.197724 0.922885
2 0.078489 0.629466 0.13691 0.290024 0.922643
14 0.0911783 0.100267 0.0824577 0.161209 0.915151
2 0.369249 0.496011 0.0964269 0.201375 0.903244
2 0.911591 0.626728 0.0885473 0.30154 0.895556
2 0.654031 0.690948 0.077897 0.332912 0.892867
14 0.0365357 0.0910315 0.061624 0.182063 0.885854
2 0.844966 0.653033 0.143115 0.331661 0.880605
2 0.266152 0.740859 0.111533 0.309464 0.864661
2 0.249806 0.5094 0.0753926 0.132796 0.822804
2 0.643648 0.548782 0.107281 0.239108 0.814666
2 0.720767 0.549324 0.04296 0.246846 0.764493
2 0.758833 0.583005 0.106698 0.28656 0.745952
2 0.439801 0.527562 0.138256 0.27882 0.618082
2 0.235076 0.501826 0.106625 0.141021 0.558596
2 0.480664 0.500587 0.0529421 0.232939 0.402144
2 0.588808 0.44761 0.114529 0.123974 0.329703
2 0.46835 0.501759 0.0761322 0.23766 0.256863
