14 0.184761 0.827653 0.155639 0.340411 0.932628
14 0.310664 0.775107 0.142341 0.44554 0.923057
14 0.715614 0.788628 0.225366 0.422164 0.917037
14 0.640226 0.495394 0.119838 0.291158 0.916766
14 0.58373 0.814652 0.136526 0.367513 0.916344
14 0.465929 0.501625 0.0984127 0.294045 0.90919
14 0.557605 0.497281 0.100426 0.265969 0.908262
14 0.475764 0.774016 0.171493 0.451304 0.906672
14 0.361728 0.497136 0.12971 0.292503 0.878659
14 0.726115 0.524754 0.125417 0.358555 0.878509
8 0.0967008 0.683606 0.1678 0.516433 0.835306
14 0.215221 0.539419 0.119466 0.368517 0.829138
15 0.906126 0.487935 0.128091 0.208838 0.735977
8 0.974796 0.510829 0.0467553 0.110331 0.475327
