14 0.225147 0.682304 0.449377 0.629107 0.95869
14 0.750977 0.449508 0.496192 0.623318 0.957792
14 0.142419 0.306735 0.175767 0.25368 0.931096
8 0.399502 0.464343 0.218155 0.383666 0.836813
14 0.679264 0.204255 0.150077 0.310758 0.827373
10 0.331003 0.459215 0.341949 0.402369 0.789064
14 0.937079 0.269135 0.121325 0.386484 0.647038
8 0.699008 0.286259 0.0611624 0.113158 0.57185
10 0.921717 0.282074 0.147037 0.114044 0.539283
10 0.636557 0.771919 0.726887 0.451509 0.517212
4 0.581132 0.263952 0.149582 0.523676 0.376013
10 0.927089 0.275941 0.14101 0.0838315 0.348663
14 0.680614 0.291967 0.152586 0.481212 0.324316
14 0.181638 0.422399 0.249321 0.488822 0.319216
14 0.938856 0.170177 0.117973 0.188423 0.265642
