15 0.888426 0.454768 0.168877 0.130587 0.953064
15 0.755409 0.940251 0.118328 0.113298 0.941557
15 0.861873 0.932873 0.111567 0.104563 0.936881
4 0.588585 0.396448 0.0454155 0.110676 0.904043
15 0.92317 0.719393 0.14914 0.229932 0.89904
4 0.385085 0.411187 0.0481366 0.0903365 0.886134
4 0.38453 0.539514 0.0423903 0.100213 0.876205
4 0.192915 0.547223 0.0403812 0.0953922 0.860992
4 0.514772 0.399413 0.0369542 0.105985 0.856854
4 0.482109 0.402165 0.0435804 0.0958212 0.848119
4 0.627039 0.396469 0.0375504 0.109268 0.839127
4 0.24266 0.54506 0.039377 0.0953781 0.796984
4 0.423543 0.542374 0.0360731 0.0992407 0.777457
15 0.949565 0.88934 0.0952296 0.128675 0.760968
4 0.0763222 0.544285 0.0351327 0.0932825 0.726291
4 0.273439 0.539157 0.0397149 0.102114 0.724625
4 0.434417 0.404023 0.0402503 0.0975029 0.71448
4 0.112236 0.545788 0.0359286 0.0997021 0.710938
4 0.316405 0.54682 0.0452918 0.0914619 0.680637
4 0.33755 0.537549 0.0343119 0.0984516 0.451488
4 0.323558 0.473654 0.0437846 0.0811183 0.289324
