14 0.116235 0.615582 0.23247 0.768836 0.94982
14 0.7519 0.541966 0.323722 0.905042 0.922608
14 0.404113 0.650215 0.3742 0.698479 0.919945
14 0.30931 0.54579 0.214483 0.610267 0.883479
14 0.614766 0.194861 0.1424 0.347013 0.860653
4 0.112426 0.410953 0.0633303 0.205659 0.831891
4 0.527914 0.857652 0.0585637 0.218493 0.809458
14 0.872239 0.514975 0.253166 0.969456 0.684896
14 0.789292 0.10301 0.130014 0.20602 0.662153
4 0.520136 0.869246 0.0795723 0.248889 0.566322
14 0.922472 0.52214 0.151944 0.955721 0.442184
