8 0.235324 0.812504 0.143835 0.200367 0.925411
8 0.374093 0.846076 0.147877 0.199771 0.922728
8 0.752556 0.890192 0.13754 0.217179 0.915215
8 0.485463 0.793827 0.129586 0.213165 0.889901
8 0.718029 0.846943 0.155806 0.230824 0.840342
8 0.0431146 0.722097 0.085469 0.189865 0.780262
8 0.890635 0.967035 0.179744 0.0632178 0.763616
8 0.838887 0.912227 0.219618 0.170801 0.665266
8 0.663538 0.80141 0.103449 0.198301 0.655163
8 0.312669 0.964814 0.263015 0.0701685 0.629748
8 0.694342 0.846903 0.109545 0.236222 0.531462
8 0.0149658 0.772593 0.0299316 0.202955 0.455773
8 0.70569 0.821118 0.130916 0.210355 0.422394
8 0.702095 0.819918 0.183689 0.218313 0.26394
