10 0.496857 0.702631 0.499869 0.586423 0.970215
14 0.382699 0.388576 0.0715297 0.14037 0.920115
14 0.316924 0.445288 0.0935718 0.244988 0.914034
14 0.691408 0.436184 0.123398 0.268777 0.911136
14 0.618003 0.362531 0.09776 0.229583 0.891069
14 0.13358 0.620958 0.26716 0.630333 0.87086
14 0.230601 0.52045 0.128793 0.4257 0.853158
14 0.858733 0.65147 0.277818 0.686897 0.837321
14 0.785832 0.61041 0.178141 0.608244 0.655721
8 0.120756 0.823397 0.237193 0.346083 0.622001
14 0.784959 0.509597 0.179134 0.406361 0.556077
8 0.875623 0.893836 0.245011 0.211564 0.417761
