4 0.340078 0.737201 0.037132 0.146221 0.95813
4 0.427784 0.73476 0.0353642 0.145354 0.954161
14 0.563998 0.592965 0.659933 0.814071 0.948758
14 0.900782 0.716192 0.193989 0.563067 0.944392
4 0.454756 0.733915 0.0350399 0.141369 0.943493
4 0.103221 0.746732 0.0385181 0.144368 0.923782
4 0.163547 0.74599 0.0385097 0.144137 0.902267
4 0.279734 0.740762 0.036955 0.146892 0.900642
4 0.486179 0.734366 0.035736 0.144853 0.897245
4 0.192202 0.744154 0.0374319 0.144034 0.889563
4 0.220953 0.740577 0.0372186 0.145189 0.88934
4 0.0743899 0.749936 0.0426946 0.14317 0.887176
4 0.0185406 0.753067 0.0370813 0.145514 0.88591
4 0.30792 0.737178 0.0364366 0.145818 0.88579
4 0.368894 0.73615 0.0343604 0.143446 0.88138
4 0.0448654 0.749018 0.0401263 0.143571 0.872945
4 0.39946 0.734395 0.0348224 0.14209 0.870269
4 0.249989 0.744282 0.0362096 0.141336 0.80709
4 0.640287 0.208498 0.0346107 0.129133 0.770179
4 0.131452 0.748222 0.0357075 0.143549 0.764131
