15 0.793736 0.381851 0.098002 0.120825 0.966381
15 0.823843 0.790669 0.108469 0.18498 0.965294
15 0.653714 0.404289 0.0718937 0.094083 0.964453
15 0.928169 0.707614 0.140209 0.301077 0.958903
15 0.154796 0.42266 0.105951 0.130426 0.956687
15 0.0578262 0.385595 0.115652 0.217546 0.951179
15 0.52107 0.377112 0.13651 0.165285 0.949509
15 0.519659 0.919379 0.0922488 0.155963 0.949458
15 0.410579 0.392293 0.109015 0.14482 0.94905
15 0.887985 0.370273 0.0932497 0.145868 0.943587
15 0.144201 0.923246 0.124161 0.14894 0.935279
15 0.254113 0.348171 0.117348 0.0990794 0.920738
15 0.688051 0.857271 0.0671297 0.156705 0.901717
15 0.760748 0.737137 0.195022 0.356537 0.774145
15 0.600923 0.795772 0.105788 0.168525 0.61029
15 0.96395 0.332531 0.0683799 0.209524 0.599766
15 0.0240774 0.950891 0.0481547 0.0947428 0.527928
15 0.963651 0.386023 0.0693462 0.101217 0.443517
15 0.754135 0.844575 0.0726147 0.141694 0.358516
15 0.33809 0.650684 0.358635 0.492307 0.314305
