2 0.169724 0.514606 0.147743 0.134646 0.910233
2 0.519136 0.852145 0.161956 0.203053 0.909116
2 0.0480464 0.707547 0.0955873 0.121949 0.899129
2 0.86983 0.181804 0.158192 0.135147 0.895753
2 0.367358 0.691639 0.189462 0.137309 0.88711
2 0.227562 0.299075 0.16434 0.117109 0.883609
2 0.548799 0.0858085 0.0989546 0.103293 0.879238
2 0.707406 0.683521 0.0760738 0.185921 0.869757
2 0.432779 0.520663 0.148483 0.116517 0.867454
2 0.377827 0.377458 0.198225 0.106345 0.86273
2 0.0357015 0.341047 0.0714031 0.133897 0.83567
2 0.783019 0.436771 0.070627 0.103519 0.678495
2 0.94016 0.626122 0.115463 0.0684957 0.626974
