4 0.598828 0.676574 0.079293 0.245637 0.912522
14 0.667346 0.335616 0.471983 0.616981 0.912228
4 0.868265 0.603818 0.102731 0.196405 0.909991
4 0.505016 0.687826 0.0896172 0.249959 0.901968
14 0.306303 0.65544 0.532882 0.681977 0.851774
4 0.693117 0.642026 0.0655855 0.235789 0.819754
4 0.659202 0.681158 0.0897178 0.206916 0.811185
4 0.746662 0.620948 0.0760728 0.19882 0.809392
4 0.798466 0.625599 0.0542084 0.157764 0.63108
4 0.783995 0.625685 0.0819446 0.161526 0.349226
4 0.68314 0.664874 0.0659283 0.205972 0.263062
