14 0.925646 0.539765 0.147055 0.451804 0.92305
6 0.583458 0.420658 0.227201 0.239286 0.920216
14 0.628169 0.484138 0.117256 0.272596 0.899955
14 0.335983 0.429302 0.0799692 0.273412 0.891391
1 0.638087 0.626094 0.133727 0.27962 0.889526
14 0.2405 0.450656 0.107578 0.440441 0.888447
1 0.341887 0.594598 0.147717 0.304372 0.88101
1 0.784584 0.673035 0.146632 0.346334 0.879084
14 0.539137 0.462633 0.061426 0.261688 0.851843
14 0.892205 0.516915 0.0839745 0.326533 0.617902
14 0.900626 0.546311 0.0900469 0.392248 0.259121
