8 0.837441 0.551368 0.150177 0.253408 0.930693
8 0.425073 0.411269 0.102487 0.150233 0.919372
8 0.687122 0.468853 0.106696 0.225491 0.880574
8 0.953627 0.622476 0.0887703 0.237385 0.855794
8 0.214346 0.367152 0.0791722 0.119176 0.852359
8 0.130097 0.37357 0.0769237 0.137335 0.846015
17 0.379409 0.615061 0.48364 0.425388 0.845651
8 0.797679 0.489451 0.0881841 0.235823 0.805807
8 0.575601 0.455601 0.109015 0.209274 0.792433
8 0.423584 0.338245 0.0582107 0.0615932 0.495504
8 0.548135 0.455586 0.055069 0.210655 0.399287
8 0.611644 0.436125 0.0594267 0.192272 0.275804
