14 0.578882 0.512269 0.123612 0.252143 0.935416
14 0.338837 0.377571 0.17505 0.203008 0.928505
14 0.387974 0.486322 0.156686 0.193139 0.925633
14 0.131322 0.372483 0.211793 0.329115 0.885248
4 0.457152 0.590735 0.0529396 0.174673 0.878048
14 0.639087 0.358307 0.158347 0.238033 0.866956
14 0.510793 0.490659 0.0826671 0.166545 0.863203
10 0.379324 0.794462 0.611999 0.406081 0.861844
14 0.703953 0.687934 0.374876 0.621479 0.855681
14 0.0983952 0.660489 0.19679 0.477665 0.847683
4 0.340648 0.591186 0.0470431 0.110643 0.831764
14 0.265903 0.520724 0.119294 0.231692 0.823716
14 0.638162 0.585427 0.199031 0.318885 0.792826
14 0.415972 0.375565 0.120658 0.278716 0.779449
14 0.536353 0.374176 0.363781 0.30855 0.754317
4 0.388691 0.67119 0.0427466 0.195856 0.72463
14 0.206719 0.546766 0.111376 0.266995 0.692606
4 0.296641 0.566278 0.0547396 0.147507 0.471825
14 0.224674 0.478592 0.076786 0.136009 0.407531
4 0.335939 0.717039 0.0337805 0.152886 0.380542
14 0.220757 0.541001 0.0801377 0.256738 0.306082
