14 0.583109 0.649012 0.463003 0.696484 0.926493
14 0.465805 0.334003 0.140859 0.26453 0.923322
14 0.119383 0.510263 0.238765 0.418398 0.889485
14 0.625214 0.23554 0.124615 0.136748 0.885819
14 0.269656 0.374395 0.184007 0.402052 0.868341
14 0.791193 0.449049 0.199093 0.428993 0.807658
8 0.863426 0.824945 0.200828 0.346343 0.767147
14 0.863579 0.318484 0.108973 0.266379 0.714779
14 0.542298 0.25389 0.062528 0.14962 0.699962
14 0.831714 0.247681 0.062952 0.166682 0.644758
4 0.0931776 0.149121 0.0316237 0.0768995 0.532591
10 0.409953 0.638276 0.819906 0.723449 0.523555
14 0.110774 0.787433 0.221548 0.422024 0.423131
10 0.315665 0.695263 0.631331 0.609474 0.34139
4 0.128022 0.147351 0.0252332 0.0655207 0.254277
