4 0.606844 0.10292 0.0598777 0.201501 0.933872
14 0.194002 0.0705094 0.0796496 0.141019 0.925916
4 0.79189 0.102579 0.0774673 0.205158 0.892361
4 0.560804 0.100801 0.0401875 0.19541 0.891348
4 0.724607 0.108682 0.0652527 0.209883 0.890262
4 0.658304 0.103246 0.0726411 0.205848 0.888984
4 0.856806 0.106117 0.0701606 0.212233 0.830514
4 0.930567 0.112298 0.0776817 0.21876 0.821589
14 0.358785 0.0672587 0.0556859 0.134517 0.819212
10 0.495313 0.605776 0.990625 0.788448 0.703726
4 0.320805 0.0913586 0.0250413 0.102388 0.52767
4 0.974295 0.108379 0.0471321 0.213589 0.365362
4 0.983641 0.106363 0.0294178 0.212725 0.335321
