12 0.563777 0.328303 0.149809 0.221002 0.95451
12 0.348508 0.870655 0.150242 0.254974 0.934395
12 0.0498352 0.40786 0.09927 0.206767 0.927877
12 0.768876 0.412446 0.172616 0.236564 0.927571
12 0.382248 0.493954 0.118114 0.284394 0.920824
14 0.355832 0.819895 0.148935 0.197473 0.864256
14 0.0565368 0.312624 0.10302 0.120731 0.835549
14 0.57922 0.232817 0.089902 0.0961432 0.753525
14 0.383883 0.418 0.114435 0.134636 0.666789
14 0.754125 0.315588 0.106051 0.132121 0.444528
14 0.752375 0.336101 0.117 0.176874 0.36588
