14 0.256918 0.617088 0.169733 0.220494 0.919164
14 0.4328 0.417295 0.0670069 0.138802 0.911387
14 0.74395 0.415682 0.0652357 0.119139 0.900445
3 0.498924 0.839353 0.997848 0.305846 0.849297
3 0.075298 0.241044 0.150596 0.103974 0.771082
3 0.448711 0.205124 0.226227 0.0552596 0.560083
3 0.498102 0.17886 0.371264 0.114372 0.544686
3 0.605969 0.499771 0.788062 0.177591 0.507992
3 0.856916 0.313012 0.281057 0.146252 0.422815
14 0.592851 0.639993 0.150174 0.206712 0.373826
3 0.386128 0.277678 0.158248 0.0838375 0.370618
3 0.496081 0.674387 0.902326 0.180831 0.283381
3 0.859264 0.262585 0.276128 0.238816 0.280799
