14 0.621732 0.42581 0.063785 0.137083 0.921806
15 0.150317 0.660761 0.0868111 0.131048 0.912896
15 0.193356 0.391823 0.0707883 0.0849257 0.886691
15 0.325462 0.613381 0.0870346 0.127957 0.871883
15 0.911317 0.391479 0.0642839 0.053294 0.870661
15 0.686919 0.408842 0.0549395 0.100687 0.810737
15 0.895274 0.54561 0.0450365 0.0645782 0.790828
15 0.648713 0.56074 0.225743 0.174781 0.483506
15 0.818593 0.387721 0.100526 0.0660875 0.401925
15 0.539936 0.464483 0.0868021 0.13267 0.369504
15 0.351315 0.444722 0.0738564 0.0841834 0.350705
