8 0.551518 0.585827 0.0674096 0.0823161 0.958003
8 0.673435 0.845499 0.294405 0.30533 0.916852
10 0.499402 0.788545 0.525589 0.411164 0.887661
8 0.0772839 0.673916 0.153561 0.248469 0.8717
8 0.339348 0.552608 0.103775 0.0817714 0.732024
8 0.276556 0.76903 0.181199 0.385231 0.603929
8 0.233049 0.769612 0.0932381 0.400728 0.514262
8 0.537392 0.732836 0.151467 0.394006 0.480016
8 0.361038 0.815229 0.223926 0.36302 0.467282
8 0.316498 0.790154 0.183239 0.376226 0.451657
8 0.714676 0.717169 0.200891 0.294058 0.440405
8 0.340801 0.683373 0.109472 0.342412 0.42593
8 0.686742 0.780213 0.250916 0.421783 0.376005
8 0.549757 0.724733 0.104022 0.363578 0.359292
8 0.340372 0.630584 0.106094 0.236927 0.255071
