14 0.578553 0.892856 0.171476 0.201634 0.95469
4 0.491451 0.934635 0.0358374 0.124031 0.947185
14 0.766382 0.875349 0.210448 0.243366 0.946405
14 0.645872 0.645158 0.173876 0.653521 0.924369
14 0.257477 0.656365 0.190012 0.678358 0.923698
14 0.373772 0.689237 0.220043 0.617606 0.919851
14 0.910396 0.907555 0.170718 0.176604 0.910385
14 0.0451055 0.704134 0.0898303 0.588897 0.902459
1 0.911877 0.831468 0.172262 0.314414 0.88837
14 0.743117 0.567842 0.227704 0.641267 0.875681
14 0.131387 0.677904 0.188713 0.639111 0.871596
14 0.341881 0.456037 0.0388302 0.117006 0.590666
4 0.464637 0.928236 0.0371267 0.140085 0.462955
4 0.464668 0.880257 0.0375487 0.233211 0.438586
