10 0.533608 0.793302 0.519485 0.405664 0.942006
8 0.66296 0.868984 0.174194 0.25753 0.941107
14 0.266933 0.770619 0.230419 0.449888 0.933518
14 0.577335 0.486048 0.108507 0.240384 0.92962
14 0.903874 0.624754 0.18256 0.742422 0.928432
14 0.520422 0.557059 0.0792862 0.135405 0.923475
14 0.406017 0.579992 0.0896497 0.184847 0.907641
8 0.798244 0.64057 0.0649244 0.0813484 0.892371
8 0.244755 0.878599 0.216734 0.238545 0.875129
8 0.483011 0.918784 0.184002 0.156268 0.875038
14 0.312076 0.75096 0.138934 0.471293 0.834402
4 0.484153 0.647175 0.0254478 0.11139 0.761989
15 0.914668 0.5206 0.166842 0.934369 0.683263
14 0.515761 0.445303 0.0293555 0.105132 0.663989
8 0.746837 0.820698 0.0917547 0.27578 0.620158
8 0.796617 0.808699 0.0505297 0.283283 0.604595
14 0.917208 0.365312 0.040485 0.0409081 0.543468
8 0.764401 0.811707 0.116175 0.283178 0.438366
4 0.601772 0.624308 0.0248839 0.0993774 0.395616
