14 0.396775 0.544174 0.677051 0.4419 0.938722
14 0.838981 0.0692766 0.13295 0.0852789 0.915155
14 0.274728 0.114215 0.070202 0.154448 0.870406
10 0.689423 0.168782 0.0903307 0.0325495 0.849558
14 0.372253 0.109734 0.0683014 0.160316 0.792688
10 0.492512 0.726589 0.979556 0.535936 0.773337
10 0.884427 0.212786 0.219329 0.0656361 0.63073
10 0.864231 0.238067 0.265101 0.102412 0.526412
14 0.687684 0.079253 0.05755 0.0392679 0.473994
14 0.640543 0.0845993 0.0486766 0.0279339 0.417583
10 0.859924 0.255376 0.238622 0.0591234 0.361755
8 0.59955 0.174116 0.08942 0.16493 0.316331
10 0.684105 0.185999 0.0946444 0.0702464 0.259458
