14 0.868459 0.463832 0.262 0.33627 0.960311
13 0.634326 0.467625 0.21083 0.262845 0.893064
14 0.653297 0.435637 0.0798412 0.294641 0.884103
13 0.859418 0.51444 0.234722 0.422948 0.863669
13 0.229245 0.679018 0.360295 0.641964 0.858208
13 0.472528 0.432628 0.129314 0.231423 0.830561
14 0.512188 0.399294 0.0523886 0.260894 0.759798
14 0.403912 0.313336 0.050119 0.0984391 0.701039
14 0.263176 0.569098 0.325524 0.670624 0.685383
14 0.453487 0.301517 0.0423307 0.0698157 0.349056
14 0.476771 0.402036 0.12566 0.269355 0.341382
