13 0.213797 0.796473 0.165249 0.178987 0.938979
14 0.502793 0.816305 0.076502 0.206089 0.937631
15 0.897105 0.924694 0.136427 0.147157 0.932938
15 0.387363 0.934468 0.156849 0.126871 0.898818
14 0.495224 0.724236 0.0696733 0.117225 0.780498
15 0.0518605 0.83179 0.0535058 0.139395 0.760981
3 0.543394 0.541807 0.902507 0.577691 0.710048
0 0.527988 0.517876 0.911478 0.527899 0.649619
14 0.112997 0.691218 0.0311497 0.0962377 0.524326
15 0.113461 0.782432 0.0447916 0.130078 0.377162
14 0.135737 0.691807 0.0283502 0.0907158 0.344931
