15 0.743639 0.610127 0.381234 0.410381 0.89586
8 0.38967 0.661764 0.120272 0.183784 0.864481
8 0.285425 0.584324 0.10565 0.1502 0.860222
17 0.46 0.528828 0.172923 0.104084 0.774567
10 0.673586 0.910136 0.417988 0.176505 0.768765
15 0.23462 0.537604 0.0938807 0.519417 0.759556
15 0.307864 0.485328 0.100931 0.157742 0.736416
8 0.468659 0.872731 0.116491 0.248845 0.694451
15 0.446633 0.535995 0.0512028 0.103508 0.636022
15 0.307491 0.522144 0.101358 0.230956 0.532684
8 0.416351 0.525065 0.088283 0.101455 0.411674
8 0.278731 0.616263 0.0936892 0.202397 0.299705
8 0.55507 0.651953 0.106706 0.165612 0.266341
