8 0.260452 0.760795 0.490352 0.472998 0.942402
8 0.774703 0.826854 0.442933 0.345382 0.905252
8 0.798141 0.416105 0.0871739 0.156477 0.902037
8 0.217288 0.527371 0.155612 0.200598 0.874226
10 0.553338 0.393555 0.50845 0.241666 0.869154
14 0.913224 0.348371 0.169062 0.653947 0.859982
10 0.531226 0.710303 0.84005 0.579395 0.852221
8 0.301923 0.408953 0.0844896 0.16161 0.801864
8 0.879753 0.53479 0.155463 0.197632 0.755351
8 0.783642 0.421522 0.103367 0.16677 0.678834
8 0.347696 0.312664 0.0617324 0.0486847 0.52724
8 0.763005 0.320012 0.0611275 0.0568915 0.525099
