4 0.607623 0.899049 0.103876 0.196407 0.960767
4 0.410381 0.92601 0.110108 0.143207 0.953781
4 0.10235 0.86175 0.131798 0.271426 0.942608
4 0.633599 0.451916 0.104137 0.488936 0.94171
4 0.695888 0.884677 0.110794 0.226145 0.940343
4 0.726961 0.475571 0.15927 0.485679 0.934066
4 0.428336 0.549453 0.128379 0.556023 0.929839
4 0.100686 0.195139 0.163416 0.3888 0.911535
4 0.294761 0.594915 0.144768 0.589808 0.893967
4 0.0213773 0.260607 0.0427546 0.455029 0.883571
4 0.231583 0.508363 0.0977289 0.578678 0.882344
4 0.0274142 0.897701 0.0538531 0.200803 0.873164
4 0.512686 0.911282 0.10793 0.171895 0.870578
4 0.488709 0.276089 0.0907877 0.185352 0.867941
4 0.366881 0.311699 0.100726 0.223835 0.863321
4 0.78208 0.859817 0.0988478 0.275784 0.854707
4 0.549157 0.522799 0.116304 0.547929 0.8397
4 0.951955 0.795284 0.0922753 0.357542 0.819424
4 0.0218974 0.5853 0.0437949 0.302806 0.816632
4 0.878541 0.554969 0.123203 0.360032 0.766762
4 0.304106 0.946591 0.103944 0.103438 0.662016
4 0.536021 0.586904 0.140968 0.655331 0.622886
4 0.106532 0.600577 0.127109 0.414865 0.580633
4 0.104412 0.691975 0.128158 0.599562 0.558757
4 0.727156 0.24091 0.0906274 0.143723 0.480483
4 0.937229 0.712105 0.118016 0.265543 0.361376
4 0.104529 0.485483 0.150345 0.970966 0.313431
4 0.936619 0.640304 0.121143 0.41341 0.257914
