14 0.567093 0.707776 0.108623 0.302217 0.928437
14 0.349237 0.678602 0.103382 0.143045 0.920254
10 0.861552 0.882787 0.273313 0.234426 0.914661
14 0.409768 0.820807 0.183135 0.350919 0.879345
14 0.212163 0.808174 0.127076 0.355709 0.877901
14 0.702375 0.690348 0.0884366 0.274017 0.870028
14 0.637371 0.695684 0.0845518 0.292002 0.857059
14 0.517756 0.765458 0.109362 0.268851 0.84958
14 0.936362 0.618223 0.105303 0.126319 0.811914
6 0.858623 0.540488 0.27422 0.114565 0.807932
14 0.984541 0.474147 0.0270718 0.0859492 0.725348
14 0.449339 0.661321 0.0472358 0.0781401 0.701885
10 0.29961 0.861094 0.180814 0.266233 0.697537
14 0.835792 0.626538 0.0614433 0.124542 0.617861
10 0.892112 0.704102 0.215776 0.0557338 0.587002
14 0.957065 0.595899 0.0810737 0.149272 0.522672
14 0.762507 0.614134 0.0694937 0.12489 0.512424
10 0.891193 0.724417 0.217614 0.0962629 0.499652
10 0.281636 0.678856 0.113702 0.106715 0.448479
10 0.883314 0.838284 0.229933 0.323432 0.422137
14 0.948 0.608075 0.0905466 0.137793 0.3254
8 0.299563 0.898905 0.111058 0.20219 0.316134
10 0.958332 0.731051 0.0795441 0.105712 0.315457
10 0.779075 0.710023 0.0760184 0.124951 0.296578
14 0.766345 0.654993 0.075915 0.205271 0.261595
