11 0.0919743 0.850606 0.183949 0.292303 0.922778
11 0.441793 0.790004 0.176237 0.280019 0.911445
11 0.266029 0.799452 0.179811 0.264997 0.898523
14 0.773244 0.539623 0.2218 0.686614 0.883633
11 0.705226 0.806461 0.177163 0.304343 0.87682
14 0.245878 0.511918 0.269877 0.75626 0.875346
14 0.489876 0.514448 0.260434 0.687484 0.869923
14 0.541726 0.253746 0.110466 0.247292 0.859753
14 0.598091 0.298309 0.0546961 0.145116 0.843566
14 0.651953 0.319352 0.0665461 0.0957382 0.822142
11 0.556276 0.700973 0.124587 0.475368 0.761411
6 0.837228 0.356713 0.0479477 0.0514236 0.637932
6 0.972538 0.357753 0.0516123 0.0618945 0.637476
6 0.122222 0.331627 0.0645044 0.0537743 0.606564
