14 0.838391 0.573127 0.318886 0.842869 0.934762
10 0.47602 0.781549 0.886219 0.433078 0.928381
14 0.553001 0.413117 0.252832 0.377212 0.918013
8 0.217466 0.303997 0.0817906 0.171026 0.8984
14 0.0918814 0.195241 0.0856598 0.0965306 0.858635
14 0.118685 0.507085 0.218951 0.527879 0.85007
15 0.573972 0.0458767 0.0431465 0.072462 0.844529
8 0.256635 0.304 0.0258018 0.181548 0.424972
14 0.135477 0.21298 0.0481012 0.0709214 0.329813
14 0.0921044 0.170455 0.0348871 0.0588261 0.314346
15 0.349542 0.0396139 0.0568698 0.0792279 0.302669
