3 0.192993 0.541116 0.295741 0.539573 0.938873
14 0.773822 0.598566 0.0890573 0.1843 0.933523
3 0.621832 0.208346 0.324178 0.116887 0.916183
14 0.902644 0.472887 0.0705032 0.127966 0.903676
3 0.851409 0.63512 0.234653 0.641403 0.898739
14 0.924249 0.634057 0.090041 0.175419 0.885507
14 0.915798 0.542385 0.0776752 0.1213 0.868834
14 0.754112 0.519177 0.0607643 0.131476 0.805166
3 0.0403091 0.469822 0.0799182 0.214128 0.79296
3 0.958984 0.492049 0.0816365 0.364656 0.775439
14 0.727869 0.17849 0.038838 0.105236 0.729457
3 0.608143 0.580279 0.281532 0.603575 0.595998
