8 0.261894 0.821983 0.178709 0.352609 0.923138
8 0.462844 0.831346 0.271724 0.332933 0.922936
8 0.695595 0.851925 0.201977 0.289845 0.912973
10 0.532795 0.827376 0.891937 0.336282 0.900337
8 0.493 0.632001 0.101511 0.107354 0.687
8 0.176931 0.793205 0.106892 0.408869 0.471233
8 0.319546 0.572544 0.0725612 0.175315 0.438202
8 0.839982 0.669618 0.14698 0.141184 0.414632
8 0.645882 0.650216 0.107438 0.127189 0.405658
10 0.764694 0.8537 0.466316 0.284059 0.379644
8 0.178615 0.655565 0.10139 0.135774 0.294457
