14 0.841492 0.656298 0.313057 0.687404 0.929269
8 0.134405 0.84396 0.267393 0.31208 0.869919
14 0.534173 0.456421 0.140733 0.427208 0.844597
14 0.265204 0.674857 0.39787 0.648714 0.838822
14 0.715052 0.548306 0.162347 0.451796 0.828034
14 0.385205 0.470924 0.184718 0.440017 0.791305
14 0.640542 0.506597 0.165264 0.397699 0.76879
14 0.791374 0.444339 0.106884 0.321133 0.744225
13 0.789274 0.225015 0.048791 0.131308 0.597308
14 0.340346 0.492753 0.12255 0.402143 0.407293
14 0.324912 0.480992 0.0829188 0.379732 0.273414
