15 0.0674586 0.711274 0.133933 0.389706 0.962966
14 0.710437 0.701526 0.572108 0.530053 0.945014
14 0.663089 0.223851 0.365333 0.44766 0.896486
14 0.184781 0.338753 0.367895 0.563178 0.895804
15 0.309904 0.512343 0.251705 0.27777 0.685323
15 0.915113 0.48119 0.165175 0.304531 0.676185
15 0.112929 0.71336 0.224845 0.392659 0.611533
15 0.170799 0.648569 0.269559 0.303881 0.400957
14 0.0583397 0.0958947 0.110901 0.191789 0.370588
15 0.912849 0.417123 0.168574 0.181036 0.346813
15 0.194521 0.706466 0.213819 0.176132 0.344214
14 0.324902 0.136634 0.31546 0.269722 0.332014
