6 0.545135 0.410106 0.567454 0.584823 0.932965
14 0.0182121 0.396304 0.0364241 0.334486 0.839358
14 0.167368 0.402659 0.0588574 0.313358 0.824481
14 0.0697532 0.404748 0.0483952 0.313474 0.771547
14 0.128025 0.414309 0.0366767 0.293082 0.749501
14 0.0986502 0.403908 0.0369343 0.311923 0.660654
14 0.0449092 0.402573 0.0363464 0.332129 0.655522
14 0.240764 0.427234 0.0348486 0.265386 0.572097
14 0.209492 0.415979 0.0348631 0.260909 0.459073
14 0.10057 0.353746 0.0363727 0.213838 0.438717
14 0.252023 0.423211 0.0360666 0.268055 0.35134
14 0.209022 0.365975 0.0364518 0.162789 0.341284
14 0.233181 0.424011 0.0380721 0.270727 0.339353
