3 0.419271 0.800075 0.527116 0.198116 0.932833
3 0.812222 0.689633 0.262319 0.107436 0.920861
3 0.157468 0.753054 0.313456 0.183433 0.891386
3 0.763447 0.844585 0.206501 0.194542 0.876914
3 0.449324 0.341161 0.0785475 0.0400873 0.848431
3 0.159856 0.324241 0.0572418 0.0473951 0.844667
3 0.703177 0.661988 0.303952 0.0966491 0.780617
3 0.684048 0.454315 0.147608 0.0763104 0.753266
3 0.891683 0.200984 0.0904293 0.200595 0.664866
3 0.0919005 0.3142 0.0476748 0.0808101 0.638412
3 0.893119 0.274898 0.0900364 0.0480358 0.587831
3 0.712334 0.278027 0.0528677 0.044407 0.536856
3 0.396878 0.319719 0.0675058 0.0453297 0.465076
14 0.726591 0.427702 0.054814 0.0728951 0.461847
3 0.449439 0.236165 0.0780407 0.241529 0.255668
