8 0.499876 0.760621 0.195542 0.394576 0.926979
8 0.246923 0.658512 0.0965585 0.266903 0.867798
8 0.359118 0.703055 0.158636 0.321206 0.829466
8 0.178289 0.632868 0.0747144 0.236365 0.816909
10 0.491289 0.762558 0.641918 0.428039 0.792926
8 0.125405 0.612991 0.0550827 0.206533 0.790869
8 0.850505 0.668997 0.281497 0.647338 0.757755
8 0.779385 0.643087 0.140537 0.250899 0.625963
8 0.218429 0.655577 0.1524 0.268199 0.485636
8 0.335054 0.520388 0.0577284 0.0534157 0.48482
15 0.904359 0.621912 0.167732 0.540003 0.458064
8 0.780866 0.747428 0.146987 0.463473 0.428555
10 0.425141 0.716496 0.432391 0.353267 0.353962
8 0.632685 0.671957 0.11956 0.337686 0.305179
