8 0.314981 0.530023 0.0844359 0.106319 0.955452
8 0.528717 0.572337 0.117733 0.145263 0.901429
8 0.0947058 0.490679 0.0467767 0.0488923 0.807048
8 0.637666 0.650092 0.104428 0.098745 0.761189
8 0.588455 0.51632 0.0485573 0.0826624 0.684812
8 0.184411 0.542233 0.0523374 0.0570149 0.517227
8 0.114067 0.503453 0.0854483 0.0732037 0.445188
8 0.136116 0.508019 0.0448572 0.0728722 0.423875
8 0.101309 0.562232 0.164042 0.164339 0.394672
8 0.497991 0.503558 0.0604666 0.0720013 0.379852
8 0.386777 0.493361 0.0558167 0.0638437 0.353901
8 0.447271 0.541684 0.0837932 0.147989 0.350438
8 0.441512 0.557422 0.071336 0.117711 0.326979
8 0.256435 0.546867 0.0749774 0.0556291 0.325364
17 0.43798 0.540448 0.186383 0.147091 0.310078
8 0.388245 0.574018 0.0777951 0.0833069 0.272264
8 0.496365 0.527316 0.0619839 0.117958 0.266095
15 0.203288 0.414294 0.0850748 0.163226 0.253739
