6 0.243192 0.270173 0.175016 0.178083 0.93496
14 0.356162 0.297398 0.142935 0.414614 0.890124
14 0.128 0.327616 0.188918 0.417061 0.885902
14 0.412279 0.649776 0.243738 0.700449 0.856142
13 0.597724 0.328561 0.168886 0.204226 0.852271
13 0.0635877 0.607455 0.127175 0.548658 0.806794
13 0.492696 0.334562 0.0935627 0.21807 0.788636
13 0.822509 0.382554 0.146868 0.326851 0.733207
14 0.733076 0.193536 0.0457164 0.105798 0.715825
14 0.595759 0.246335 0.0477356 0.15086 0.689355
6 0.43456 0.211956 0.0692613 0.0581471 0.651754
14 0.940231 0.293522 0.117304 0.586638 0.640838
14 0.663745 0.221536 0.0662304 0.159492 0.615444
13 0.509081 0.597409 0.979803 0.790856 0.595327
13 0.761496 0.365047 0.260207 0.356531 0.333298
6 0.495744 0.200305 0.0634895 0.0571879 0.289792
