4 0.559353 0.78089 0.360492 0.431171 0.944431
4 0.849578 0.785058 0.214097 0.420916 0.936794
4 0.822016 0.230071 0.273193 0.460143 0.935255
4 0.230133 0.65293 0.303604 0.683273 0.92612
4 0.052069 0.760448 0.104138 0.46689 0.917416
4 0.569323 0.218064 0.162317 0.436128 0.912926
4 0.240419 0.177776 0.191688 0.355552 0.908429
4 0.0851772 0.304666 0.170229 0.609333 0.881302
4 0.209411 0.787228 0.265231 0.41718 0.672308
4 0.4191 0.32086 0.286671 0.64172 0.654472
4 0.419481 0.461761 0.286526 0.917614 0.600109
4 0.691171 0.566923 0.302526 0.808651 0.59381
4 0.0142286 0.27538 0.0284573 0.516947 0.282484
