10 0.464132 0.734339 0.633919 0.527862 0.987666
14 0.101806 0.666283 0.203612 0.666472 0.921045
8 0.61607 0.527955 0.043296 0.119479 0.920592
14 0.851873 0.653417 0.291067 0.658961 0.917904
10 0.440957 0.407879 0.183578 0.123254 0.917328
10 0.407893 0.419376 0.113008 0.112328 0.881511
8 0.232674 0.637419 0.0583798 0.169389 0.84053
8 0.673717 0.618191 0.0546995 0.177033 0.816689
8 0.273821 0.555775 0.0520541 0.140624 0.771283
10 0.86534 0.430025 0.263408 0.178881 0.667015
8 0.533995 0.397116 0.0383453 0.102182 0.553328
10 0.410662 0.397628 0.110062 0.0561514 0.455423
8 0.0164101 0.439732 0.0325955 0.100002 0.366336
10 0.412096 0.43788 0.122362 0.075921 0.34997
