10 0.473752 0.657389 0.615089 0.683693 0.951367
14 0.784565 0.603674 0.42737 0.792652 0.948854
14 0.18521 0.559185 0.369378 0.876017 0.935971
14 0.442015 0.221133 0.174077 0.281372 0.929109
4 0.468955 0.367131 0.0485519 0.200979 0.926542
4 0.468818 0.591103 0.0716509 0.316545 0.907948
14 0.317088 0.368583 0.240547 0.462902 0.900652
14 0.738458 0.277116 0.104914 0.323392 0.893867
14 0.772896 0.390244 0.202288 0.463883 0.845235
14 0.333379 0.276697 0.211111 0.438847 0.78833
4 0.586497 0.436335 0.048847 0.207725 0.572634
14 0.341631 0.146466 0.113828 0.187893 0.361876
4 0.55481 0.3731 0.0364487 0.143073 0.339304
4 0.589464 0.388155 0.0490486 0.187084 0.292605
