15 0.412344 0.291284 0.0658084 0.158307 0.891008
8 0.576571 0.587439 0.0889143 0.203482 0.876775
10 0.517793 0.593284 0.193976 0.169426 0.817225
8 0.531316 0.570221 0.0717991 0.196628 0.813954
8 0.470357 0.57468 0.0959281 0.181706 0.808244
8 0.379102 0.567415 0.070023 0.178319 0.708952
8 0.450783 0.542364 0.0587491 0.124397 0.557871
8 0.562543 0.581318 0.122523 0.202164 0.416103
14 0.464967 0.674732 0.235871 0.159548 0.369951
8 0.438532 0.542762 0.0332075 0.122088 0.35923
11 0.466238 0.672742 0.236235 0.155541 0.320268
8 0.462393 0.555716 0.0861136 0.156357 0.309232
17 0.128629 0.792511 0.257259 0.261072 0.302821
